-1.76154518127 -0.0444222651422 1.02916276455
-1.76158058643 -0.0444819070399 1.02918326855
-1.76157104969 -0.0448006056249 1.02916526794
-1.76287269592 -0.0451534613967 1.02900075912
-1.76302683353 -0.0453275367618 1.02923309803
-1.76325464249 -0.0453555509448 1.0293918848
-1.76323926449 -0.0453546568751 1.02954757214
-1.76323783398 -0.0454436466098 1.02967405319
-1.76325821877 -0.0456136986613 1.02978634834
-1.76345157623 -0.0458845868707 1.02990210056
-1.76362848282 -0.0460801757872 1.03010284901
-1.76366126537 -0.0461218245327 1.03035581112
-1.76355445385 -0.0460274294019 1.03050994873
-1.76347362995 -0.0460490584373 1.03054392338
-1.7647768259 -0.0461603105068 1.03037047386
-1.76499021053 -0.0464209131896 1.03035616875
-1.76499509811 -0.0466420762241 1.03044700623
-1.76487779617 -0.0467808395624 1.03064155579
-1.76478397846 -0.0467894300818 1.03081285954
-1.76474833488 -0.0467706359923 1.03092503548
-1.76484298706 -0.0468985065818 1.03094470501
-1.76496183872 -0.0470220856369 1.03097212315
-1.76497101784 -0.0471841804683 1.03096294403
-1.76488542557 -0.0473165027797 1.03101623058
-1.76482784748 -0.0473903752863 1.03113925457
-1.7648037672 -0.0474111102521 1.03114926815
-1.76479399204 -0.0474276095629 1.03125393391
-1.76478874683 -0.0475676618516 1.03127920628
-1.76468467712 -0.0477093830705 1.03136003017
-1.76464855671 -0.0478659942746 1.03145623207
-1.76479947567 -0.0479134656489 1.03157544136
-1.76490163803 -0.0479805059731 1.03167903423
-1.76488041878 -0.0480052419007 1.03181266785
-1.76475059986 -0.048051904887 1.0319391489
-1.76479685307 -0.0481724776328 1.03201973438
-1.76473546028 -0.0482616014779 1.03213250637
-1.76474690437 -0.0483694598079 1.03221583366
-1.76343905926 -0.0483675524592 1.03244698048
-1.76344275475 -0.0483954176307 1.03246831894
-1.76338064671 -0.0484357886016 1.03246712685
-1.76345515251 -0.0485591962934 1.03247988224
-1.7635307312 -0.0486820377409 1.03257393837
-1.76359045506 -0.0487712547183 1.03265225887
-1.76341700554 -0.0487704463303 1.03275036812
-1.76326942444 -0.048756275326 1.03288984299
-1.76325809956 -0.0487610176206 1.03296625614
-1.76334035397 -0.0488209612668 1.03305959702
-1.76341700554 -0.0489379577339 1.03312349319
-1.76345908642 -0.04909947142 1.0332583189
-1.76328718662 -0.0491508841515 1.0334751606
-1.76335537434 -0.0491766631603 1.03362035751
-1.76345312595 -0.0491435416043 1.03368139267
-1.76362538338 -0.0491611771286 1.03372561932
-1.76355755329 -0.0492633730173 1.0336728096
-1.76233661175 -0.0493300333619 1.0340218544
-1.76238191128 -0.0493597537279 1.03415346146
-1.76254081726 -0.0493687950075 1.03421986103
-1.7626748085 -0.0493618696928 1.0342143774
-1.76257491112 -0.0494672320783 1.03432488441
-1.76259481907 -0.0495582409203 1.03429877758
-1.76274728775 -0.0496243052185 1.03429841995
-1.76289510727 -0.0496716871858 1.03440356255
-1.76295340061 -0.0496793277562 1.03444850445
-1.76289474964 -0.0497215501964 1.03443288803
-1.76274764538 -0.0497499853373 1.03450083733
-1.7631008625 -0.0489403158426 1.03422260284
-1.76122784615 -0.0482782796025 1.03390192986
-1.75863754749 -0.0481824725866 1.0339846611
-1.75673902035 -0.0480162799358 1.03427755833
-1.75618362427 -0.0479111373425 1.03446030617
-1.75734531879 -0.0480362102389 1.03452837467
-1.75880122185 -0.0480714477599 1.03467977047
-1.75969684124 -0.0480687953532 1.03481471539
-1.75929617882 -0.0480526834726 1.03480780125
-1.75847446918 -0.0480564422905 1.03487741947
-1.75812196732 -0.0481511726975 1.03478085995
-1.75861501694 -0.0482288375497 1.03477215767
-1.75919139385 -0.0482760109007 1.03474843502
-1.75894320011 -0.0483173653483 1.03479063511
-1.75845861435 -0.048246383667 1.03483080864
-1.75822412968 -0.0482474565506 1.0349470377
-1.75835740566 -0.0482137724757 1.03497385979
-1.75889241695 -0.0482020154595 1.03489792347
-1.75904154778 -0.0482190214097 1.03479993343
-1.75868225098 -0.0483517684042 1.03489005566
-1.75834810734 -0.0483602397144 1.03496301174
-1.75848114491 -0.0483475588262 1.03497755527
-2.63693141937 -0.702557623386 -0.230616807938
-2.6015856266 -0.710735738277 -0.232058003545
-2.56560707092 -0.70129019022 -0.238525152206
-2.52547121048 -0.687135636806 -0.236390814185
-2.49092531204 -0.677565276623 -0.225057482719
-2.46216225624 -0.67373996973 -0.207060009241
-2.48366713524 -0.681087553501 -0.195139810443
-2.49602556229 -0.677206754684 -0.173146367073
-2.50707578659 -0.672730207443 -0.141394942999
-2.53115129471 -0.638443171978 -0.0778879746795
-2.51914668083 -0.589734554291 -0.0237369518727
-2.46936225891 -0.543970644474 0.0191515013576
-2.41776919365 -0.510543465614 0.0602544881403
-2.3625702858 -0.481010854244 0.0915863066912
-2.32732534409 -0.451363742352 0.108465753496
-2.3113720417 -0.410036593676 0.120813965797
-2.3390827179 -0.365802288055 0.146798357368
-2.38108992577 -0.32819288969 0.171418964863
-2.39906477928 -0.322368711233 0.161001980305
-2.39993309975 -0.329207032919 0.15160176158
-2.36678361893 -0.334095656872 0.140878513455
-2.31843686104 -0.328312695026 0.131327524781
-2.28458595276 -0.312513440847 0.133607268333
-2.25208687782 -0.301223367453 0.137654751539
-2.23220682144 -0.301347106695 0.146665692329
-2.223777771 -0.3111500144 0.171649262309
-2.23829913139 -0.321641564369 0.18877209723
-2.256316185 -0.337516754866 0.205758228898
-2.29091238976 -0.346835047007 0.230048626661
-2.32602000237 -0.341534227133 0.283564090729
-2.32280421257 -0.316001743078 0.33175060153
-2.28629684448 -0.293822497129 0.370446056128
-2.24739027023 -0.281023323536 0.401344239712
-2.21619963646 -0.276266187429 0.431811541319
-2.20052862167 -0.255920529366 0.455536276102
-2.189422369 -0.21871766448 0.461956650019
-2.19865632057 -0.181783914566 0.485950022936
-2.22978544235 -0.147873133421 0.49241617322
-2.24307489395 -0.127699136734 0.494532316923
-2.25003767014 -0.116073302925 0.468151062727
-2.23801827431 -0.118473693728 0.443889856339
-2.18770599365 -0.115896508098 0.429013371468
-2.13716077805 -0.103722006083 0.427916139364
-2.08112597466 -0.0930144488811 0.425928294659
-2.05188918114 -0.0866172760725 0.433936476707
-2.03445196152 -0.0893713384867 0.446074306965
-2.03808927536 -0.107235632837 0.463764697313
-2.04938817024 -0.123715311289 0.473331421614
-2.07030248642 -0.149094805121 0.487139701843
-2.10686826706 -0.167036727071 0.513602018356
-2.12759113312 -0.168458670378 0.561751186848
-2.12128090858 -0.156841441989 0.605013906956
-2.09229397774 -0.154093936086 0.643327116966
-2.06149792671 -0.16034206748 0.669712722301
-2.03465127945 -0.164070487022 0.686271607876
-2.02992153168 -0.156837493181 0.702429890633
-2.0390150547 -0.128030702472 0.718341767788
-2.08789873123 -0.0983614772558 0.731042385101
-2.10962367058 -0.0796975195408 0.725682735443
-2.12566208839 -0.0742918998003 0.679885983467
-2.10927629471 -0.075773127377 0.641022324562
-2.05925798416 -0.0674925595522 0.610218465328
-2.01093006134 -0.0509046949446 0.599401533604
-1.96298551559 -0.0370759516954 0.585655629635
-1.92803168297 -0.0347415059805 0.588949680328
-1.90855705738 -0.0492973737419 0.601329863071
-1.9118449688 -0.0657388269901 0.610077917576
-1.92232787609 -0.0843279212713 0.609827756882
-1.94657433033 -0.111685968935 0.615649521351
-1.98352205753 -0.129226401448 0.644194722176
-1.99101471901 -0.122361071408 0.692743718624
-1.96473693848 -0.114088542759 0.732881903648
-1.93687200546 -0.120496496558 0.768352389336
-1.91054022312 -0.133222132921 0.787824451923
-1.89642322063 -0.135384693742 0.808134019375
-1.90627360344 -0.113548159599 0.824224352837
-1.94559335709 -0.0876677185297 0.852749109268
-1.97579777241 -0.0661034286022 0.866224586964
-1.99406504631 -0.0537716858089 0.848747134209
-2.00741147995 -0.0464385151863 0.813001811504
-1.97749435902 -0.0438626073301 0.787556529045
-1.92867910862 -0.0439027883112 0.757792294025
-1.8851839304 -0.0311701111495 0.752243340015
-1.84142827988 -0.0214694235474 0.742359340191
-1.82610952854 -0.0194828920066 0.740258991718
-1.81190347672 -0.0338646806777 0.747939109802
-1.82456016541 -0.0526683293283 0.755339026451
-1.8399695158 -0.0712234079838 0.758387625217
-1.86773967743 -0.0947116389871 0.759882390499
-1.90833830833 -0.119302913547 0.789945006371
-1.91009247303 -0.112118028104 0.833699047565
-1.88626229763 -0.106991872191 0.870142102242
-1.85718417168 -0.113549746573 0.892053186893
-1.83864688873 -0.120277188718 0.904931724072
-1.83151245117 -0.122102558613 0.918711483479
-1.83635377884 -0.100554406643 0.923441529274
-1.86081767082 -0.0798285901546 0.942792057991
-1.90132415295 -0.0617646127939 0.94375872612
-1.92041659355 -0.0416429303586 0.932899415493
-1.93175888062 -0.0269511789083 0.888634085655
-1.91799461842 -0.0240961685777 0.849533319473
-1.86866664886 -0.0173909496516 0.814736008644
-1.81377220154 -0.00308505189605 0.802840232849
-1.76095664501 0.00571227213368 0.793930888176
-1.73476207256 0.00578147405759 0.791964352131
-1.7174346447 -0.0134777035564 0.7954210639
-1.72829544544 -0.0316608995199 0.795346438885
-1.73652625084 -0.0490041077137 0.789758443832
-1.75829172134 -0.0763990879059 0.788062512875
-1.79413235188 -0.103896871209 0.810395121574
-1.81162416935 -0.108618594706 0.859590768814
-1.79897749424 -0.105131618679 0.895271837711
-1.77888321877 -0.113901935518 0.92587852478
-1.7669570446 -0.125840470195 0.937591433525
-1.76863658428 -0.122857473791 0.952014923096
-1.79204952717 -0.0950692296028 0.956480562687
-1.84971952438 -0.0682383924723 0.971241474152
-1.88062179089 -0.046169500798 0.975690901279
-1.8915913105 -0.0214141886681 0.962822556496
-1.89399003983 -0.00579375308007 0.918201267719
-1.86776280403 -0.0012338164961 0.876972198486
-1.80475103855 0.00605118973181 0.84611594677
-1.7333894968 0.0174029320478 0.839838564396
-1.70267760754 0.0206039827317 0.830457150936
-1.67712974548 0.00604582531378 0.822570741177
-1.67409300804 -0.0148536656052 0.827535510063
-1.6865940094 -0.0337145105004 0.819482445717
-1.71585226059 -0.0671640336514 0.818227767944
-1.76368486881 -0.0921014025807 0.840662956238
-1.79021990299 -0.0941930562258 0.88752502203
-1.77292764187 -0.0883986204863 0.93126308918
-1.75607836246 -0.0960974246264 0.951452255249
-1.75232160091 -0.0989630967379 0.966772794724
-1.76051807404 -0.0858619138598 0.9860252738
-1.77054929733 -0.0546453408897 0.994317114353
-1.80673134327 -0.0277252849191 1.00368952751
-1.8306646347 -0.00135180400684 1.00472128391
-1.84075307846 0.0202239826322 0.983159244061
-1.84014904499 0.0278333891183 0.933631598949
-1.78727471828 0.0270369499922 0.888087928295
-1.71252822876 0.0398459658027 0.87545645237
-1.64984929562 0.0426724106073 0.875159204006
-1.6296916008 0.0397686585784 0.858496010303
-1.62071883678 0.0207772310823 0.851721465588
-1.61069631577 -0.00203839084134 0.853211641312
-1.62332367897 -0.0226977579296 0.844327628613
-1.66109287739 -0.0573791638017 0.840896844864
-1.72827112675 -0.087878882885 0.868680596352
-1.76913774014 -0.0948209613562 0.916255772114
-1.75901019573 -0.0870939269662 0.966604411602
-1.73456943035 -0.0820026323199 0.995776295662
-1.72073507309 -0.0768603533506 1.00744640827
-1.71861863136 -0.068146571517 1.03237879276
-1.71821546555 -0.0335596613586 1.04533052444
-1.75689077377 -0.00479634432122 1.05064725876
-1.78412616253 0.0209428481758 1.05129444599
-1.8006541729 0.0439123660326 1.01889884472
-1.80698442459 0.0439380221069 0.971256971359
-1.75159215927 0.0401817187667 0.923864722252
-1.68815565109 0.048264015466 0.913229763508
-1.62504327297 0.0512362159789 0.901489496231
-1.59341835976 0.0363455563784 0.892366111279
-1.58290088177 0.00895580742508 0.890857815742
-1.59607541561 -0.0109694711864 0.882743060589
-1.6268671751 -0.043395191431 0.880013167858
-1.66469740868 -0.0734343528748 0.89135324955
-1.6907055378 -0.0814914554358 0.929856836796
-1.67884910107 -0.0765556842089 0.964827358723
-1.66862499714 -0.0845158994198 0.982821345329
-1.6747405529 -0.089536473155 0.998376369476
-1.69713044167 -0.077905908227 1.01449453831
-1.72456526756 -0.0387091748416 1.01983094215
-1.7716344595 -0.0123663116246 1.02422833443
-1.80113434792 0.00956230983138 1.02363336086
-1.81505012512 0.0311799794436 1.00270283222
-1.81043219566 0.0296853277832 0.95745331049
-1.75553655624 0.0310639329255 0.913986980915
-1.68024861813 0.04180913046 0.898058950901
-1.60739421844 0.048440862447 0.887052953243
-1.57851338387 0.0489401966333 0.880001425743
-1.56576919556 0.0207384489477 0.880964815617
-1.5772600174 0.00282425060868 0.882030308247
-1.59037733078 -0.0179858375341 0.872560381889
-1.62423419952 -0.0550027601421 0.873439908028
-1.68865144253 -0.0814772173762 0.907001852989
-1.70042324066 -0.0813344120979 0.950122594833
-1.68220114708 -0.0781111270189 0.987948060036
-1.67185032368 -0.0788392648101 0.996209800243
-1.68095743656 -0.0818996205926 1.0148537159
-1.69286930561 -0.0662495717406 1.03304886818
-1.71379780769 -0.0306056234986 1.03983795643
-1.76061809063 -0.00631637591869 1.02203345299
-1.7835586071 0.0126023348421 1.00821685791
-1.78534388542 0.019793163985 0.993834078312
-1.77512979507 0.0172401256859 0.980003476143
-1.76446914673 0.0114527167752 0.972720980644
-1.75057995319 -0.00123307143804 0.974789977074
-1.74005794525 -0.0113976979628 0.978294253349
-1.73132920265 -0.0154033433646 0.982641100883
-1.72828531265 -0.0132485926151 0.984506428242
-1.72867870331 -0.00970313232392 0.986125588417
-1.7300760746 -0.00738630443811 0.988287687302
-1.72977972031 -0.00723010627553 0.989265561104
-1.72819018364 -0.00878199283034 0.988601624966
-1.72779643536 -0.0116486502811 0.988931238651
-1.72915840149 -0.0133569333702 0.991031706333
-1.73084282875 -0.013380122371 0.992429733276
-1.73090291023 -0.0120396539569 0.993423461914
-1.72883927822 -0.0114160571247 0.994838118553
-1.72713136673 -0.0117266187444 0.995526850224
-1.72714734077 -0.0126516614109 0.996055483818
-1.72860562801 -0.0139201013371 0.99716091156
-1.7295435667 -0.0146520910785 0.998229265213
-1.72879850864 -0.0146939381957 0.999077796936
-1.72741007805 -0.0143977310508 1.00029206276
-1.72471177578 -0.0143282245845 1.00185012817
-1.72895443439 -0.0175927113742 1.00151002407
-1.7347921133 -0.0236395560205 1.0002553463
-1.72947740555 -0.0290558692068 0.999585866928
-1.72246921062 -0.0328616648912 0.999804139137
-1.71484577656 -0.0335268899798 0.999703288078
-1.7103164196 -0.0323700495064 0.999437510967
-1.7085621357 -0.0290461797267 0.999649107456
-1.70937597752 -0.0244065020233 1.00358319283
-1.71027779579 -0.0205224547535 1.00779509544
-1.70821380615 -0.0180780310184 1.01059269905
-1.70782732964 -0.013392014429 1.01576924324
-1.70980465412 -0.00638015428558 1.02186179161
-1.7136027813 0.00301892030984 1.02722632885
-1.71937870979 0.0153622115031 1.03343725204
-1.72248399258 0.0224326588213 1.04210650921
-1.72109055519 0.0286693200469 1.0511058569
-1.71762216091 0.0339613556862 1.05993306637
-1.71194255352 0.0399701930583 1.0713121891
-1.70552420616 0.0491815879941 1.08251440525
-1.69297349453 0.0597769729793 1.0942709446
-1.68398547173 0.0726581066847 1.10513734818
-1.68047583103 0.078042820096 1.112180233
-1.67787671089 0.0761655345559 1.11194372177
-1.68560254574 0.0701055377722 1.10094583035
-1.70407640934 0.0576897412539 1.08199584484
-1.73228347301 0.0418640449643 1.05542480946
-1.76842105389 0.0230939649045 1.02542817593
-1.80722844601 0.00243911379948 0.993457973003
-1.84261608124 -0.0167343374342 0.963529288769
-1.87316405773 -0.0343722142279 0.938194096088
-1.89801514149 -0.0473020039499 0.91974067688
-1.91605687141 -0.057405076921 0.907504916191
-1.93242478371 -0.0640321671963 0.905138134956
-1.94735336304 -0.0681883022189 0.909720420837
-1.96219468117 -0.0699551999569 0.921194672585
-1.97461235523 -0.0690391287208 0.935902357101
-1.98425233364 -0.0639669746161 0.954796731472
-1.99049627781 -0.0530353821814 0.972574651241
-1.99129450321 -0.0400199107826 0.987225651741
-1.98914802074 -0.0268808491528 0.996639251709
-1.98382210732 -0.0120254969224 0.999415755272
-1.98297536373 0.00399191258475 0.998219370842
-1.98830151558 0.0179086364806 0.992787778378
-2.00515580177 0.0262826830149 0.988238096237
-2.03477334976 0.031571418047 0.987357318401
-2.07104110718 0.0330760590732 0.994642615318
-2.11311674118 0.0336015559733 1.01419496536
-2.15872168541 0.0368848927319 1.04483604431
-2.20346093178 0.044293910265 1.07785236835
-2.24117588997 0.0545109435916 1.11032557487
-2.27067613602 0.0640929043293 1.14061260223
-2.29960680008 0.0709300115705 1.1598726511
-2.31790876389 0.0742958113551 1.17018055916
-2.3256072998 0.0738179981709 1.17463183403
-2.33283543587 0.0701565891504 1.16895473003
-2.32950782776 0.0636412575841 1.15903544426
-2.31960678101 0.055197995156 1.14318990707
-2.30073595047 0.0460044592619 1.12260377407
-2.26928782463 0.0372585430741 1.10117125511
-2.23272871971 0.030497957021 1.07862246037
-2.19065690041 0.024159219116 1.05591964722
-2.14665198326 0.0146191855893 1.03339636326
-2.10623598099 0.00470949942246 1.0135307312
-2.06933927536 -0.00470371777192 0.996229171753
-2.03734874725 -0.0130120012909 0.981400251389
-2.00957465172 -0.0193296186626 0.970113575459
-1.98782896996 -0.024245640263 0.961774647236
-1.97384536266 -0.0280074439943 0.957772672176
-1.96555411816 -0.0316875241697 0.95721590519
-1.96389758587 -0.0353579595685 0.959681153297
-1.9659332037 -0.0393043607473 0.962889075279
-1.9695057869 -0.0433559045196 0.965353429317
-1.97189056873 -0.0481540672481 0.965725302696
-1.97180366516 -0.0546362102032 0.961975693703
-1.75778865814 -0.0500565841794 1.04664587975
-1.75777709484 -0.0499704405665 1.04678046703
-1.75798594952 -0.0499169379473 1.04689323902
-1.75817334652 -0.0499208457768 1.04682600498
-1.75816202164 -0.0500101558864 1.04681241512
-1.75811755657 -0.0501340515912 1.04686379433
-1.75821280479 -0.0501844808459 1.04695987701
-1.75836253166 -0.0501708425581 1.04698002338
-1.7583540678 -0.0501248911023 1.04705381393
-1.75820851326 -0.0501015260816 1.04716444016
-1.75833880901 -0.0500991083682 1.04716467857
-1.7585695982 -0.0500748790801 1.04719173908
-1.75858783722 -0.0500905141234 1.04714882374
-1.75834810734 -0.0500843077898 1.04715251923
-1.75827658176 -0.0500815622509 1.04723501205
-1.75846576691 -0.0500704608858 1.04722094536
-1.75855863094 -0.0500223301351 1.04710996151
-1.75961303711 -0.0500212870538 1.04683840275
-1.75959265232 -0.0500422045588 1.04690647125
-1.75966763496 -0.0500604957342 1.04692041874
-1.75982475281 -0.0499951168895 1.04693233967
-1.76326227188 -0.0497494786978 1.04600811005
-1.75706017017 -0.048361107707 1.04525613785
-1.74535250664 -0.0470384657383 1.04683446884
-1.73651766777 -0.0465885549784 1.05709147453
-1.72850704193 -0.045268855989 1.07882547379
-1.72544324398 -0.0433252677321 1.1114064455
-1.72286832333 -0.0398617424071 1.1533459425
-1.72583401203 -0.0394413210452 1.20845460892
-1.72588253021 -0.039784733206 1.25910103321
-1.72343277931 -0.0407969877124 1.29478764534
-1.72220933437 -0.0435565449297 1.31587767601
-1.72230195999 -0.0446158535779 1.32218742371
-1.72294700146 -0.0465858094394 1.31624138355
-1.72319412231 -0.0482379682362 1.3017333746
-1.72353935242 -0.0481179654598 1.29079532623
-1.72388446331 -0.0464282520115 1.28490900993
-1.72509336472 -0.0442016385496 1.28013825417
-1.72497749329 -0.0430876724422 1.27698051929
-1.72436201572 -0.0430537238717 1.27298283577
-1.7231553793 -0.0438482277095 1.2677949667
-1.72302794456 -0.0453064143658 1.26408004761
-1.72414982319 -0.0463849306107 1.26100432873
-1.72512328625 -0.046401489526 1.2576174736
-1.72551071644 -0.0454381890595 1.25426793098
-1.72515046597 -0.044562574476 1.25134670734
-1.72418868542 -0.0442952215672 1.24781572819
-1.7235711813 -0.0446574687958 1.24396073818
-1.7225382328 -0.0456317774951 1.24085462093
-1.72362983227 -0.0464043840766 1.23746430874
-1.72492718697 -0.0467972196639 1.23362421989
-1.72621977329 -0.0482849627733 1.22591495514
-1.7230540514 -0.0507613830268 1.21452462673
-1.72153997421 -0.0551831014454 1.20151805878
-1.72697842121 -0.058276552707 1.18525207043
-1.73726630211 -0.0599735118449 1.16574275494
-1.74730706215 -0.0594714023173 1.14207041264
-1.75173711777 -0.0579367987812 1.1155411005
-1.75441455841 -0.057193312794 1.08485901356
-1.75169730186 -0.0568749830127 1.04979121685
-1.7458947897 -0.0566775798798 1.01392126083
-1.74343705177 -0.0566300600767 0.97977232933
-1.74099838734 -0.056441437453 0.950684428215
-1.74064707756 -0.0562080740929 0.928595244884
-1.74035322666 -0.0557109080255 0.915001511574
-1.7405128479 -0.0546416714787 0.910966813564
-1.7401406765 -0.0546142719686 0.91640406847
-1.73822176456 -0.0545549355447 0.929739177227
-1.73463535309 -0.0550930798054 0.942212045193
-1.73334383965 -0.0549968518317 0.951228559017
-1.73340785503 -0.0548862963915 0.957811117172
-1.73437428474 -0.0532489791512 0.963359475136
-1.7359598875 -0.0511376485229 0.965329110622
-1.73686504364 -0.050512123853 0.966944515705
-1.73732078075 -0.0501888953149 0.969561398029
-1.73758840561 -0.0497837029397 0.975240290165
-1.73975455761 -0.0484476350248 0.982554614544
-1.74233794212 -0.0472500883043 0.990379154682
-1.74535727501 -0.0460107214749 0.999287188053
-1.74866437912 -0.0451374724507 1.0085517168
-1.75061523914 -0.0452473759651 1.01635289192
-1.74882388115 -0.0460106320679 1.02083420753
-1.74682378769 -0.0468716584146 1.0215703249
-1.74586260319 -0.0474276393652 1.02055692673
-1.7469047308 -0.046891823411 1.02151370049
-1.74753069878 -0.046698436141 1.02307450771
-1.7457627058 -0.0456420965493 1.02400588989
-1.74279737473 -0.0446619428694 1.02432322502
-1.74105072021 -0.0442891046405 1.02436935902
-1.74085402489 -0.0445363819599 1.02379369736
-1.74198687077 -0.0450921878219 1.02262890339
-1.74261367321 -0.0458553172648 1.02187538147
-1.74229478836 -0.0469897724688 1.02158224583
-1.7411775589 -0.0481318384409 1.02117240429
-1.74025452137 -0.0488406866789 1.02224779129
-1.74063849449 -0.0508717037737 1.02268457413
-1.74211883545 -0.0515825897455 1.02327609062
-1.74518549442 -0.051545701921 1.02355742455
-1.74643921852 -0.0508381351829 1.0237210989
-1.74680042267 -0.0504494607449 1.02350592613
-1.74581682682 -0.0501752905548 1.02322781086
-1.74678587914 -0.050416816026 1.02324044704
-1.7464748621 -0.0507934913039 1.0237057209
-1.74701154232 -0.0508653186262 1.02421498299
-1.74774026871 -0.0505178533494 1.02452552319
-1.74794661999 -0.0501535646617 1.02492523193
-1.7475246191 -0.0499634854496 1.02501893044
-1.74694287777 -0.0500244796276 1.02512407303
-1.7469316721 -0.0502705089748 1.02534770966
-1.74745500088 -0.0503732487559 1.02572727203
-1.74783623219 -0.0503398887813 1.02603840828
-1.74782526493 -0.0500516630709 1.02635979652
-1.74737477303 -0.0498732812703 1.02664661407
-1.74707639217 -0.0497978776693 1.02694833279
-1.74716103077 -0.0498879924417 1.02718532085
-1.7475258112 -0.0500074103475 1.02747607231
-1.74758577347 -0.0500770285726 1.02785944939
-1.74740278721 -0.0500508882105 1.02825772762
-1.74726736546 -0.0499852113426 1.02863824368
-1.74734807014 -0.0498934537172 1.02889609337
-1.74754106998 -0.0497920289636 1.02907717228
-1.74751639366 -0.0498061142862 1.02925157547
-1.74720740318 -0.0498863235116 1.02944004536
-1.74718976021 -0.0498992428184 1.02970194817
-1.74741661549 -0.0498049519956 1.02994930744
-1.74751853943 -0.0497162975371 1.03015828133
-1.74742519855 -0.0496817454696 1.03022778034
-1.74707829952 -0.0497548505664 1.030367136
-1.74687039852 -0.0498157516122 1.03055298328
-1.7469201088 -0.0498331487179 1.03085923195
-1.74710166454 -0.0496912039816 1.03117609024
-1.74718225002 -0.0495348460972 1.03139472008
-1.74698352814 -0.0494423769414 1.03153753281
-1.74685609341 -0.0494115836918 1.03158593178
-1.74689733982 -0.0494563393295 1.03176450729
-1.74707174301 -0.0495103783906 1.03192865849
-1.74714684486 -0.0495142862201 1.03208589554
-1.7470420599 -0.0494323186576 1.03228545189
-1.74681890011 -0.0493382103741 1.03243160248
-1.74666166306 -0.049292974174 1.03251504898
-1.74655508995 -0.0492869466543 1.03266274929
-1.74655997753 -0.049316726625 1.03300082684
-1.74662315845 -0.0492762327194 1.03327465057
-1.74687898159 -0.0491587296128 1.03347849846
-1.74698472023 -0.049048088491 1.03368794918
-1.74692547321 -0.0490518510342 1.03370177746
-1.74677968025 -0.0491138845682 1.03383600712
-1.74664592743 -0.0491818264127 1.03407847881
-1.74662852287 -0.0491541661322 1.03431093693
-1.74668753147 -0.0490211769938 1.03452253342
-1.74659740925 -0.0488616004586 1.03464913368
-1.7464454174 -0.0488250218332 1.03472971916
-1.74646043777 -0.0489251874387 1.03480887413
-1.74657356739 -0.0489993058145 1.03483700752
-1.74660885334 -0.0489853993058 1.03500533104
-1.74650061131 -0.0489358976483 1.03522157669
-1.74627125263 -0.0487645678222 1.03541898727
-1.7461796999 -0.0486757718027 1.03547620773
-1.74631333351 -0.0486840978265 1.03560221195
-1.74632394314 -0.048748485744 1.03572106361
-1.74633550644 -0.048825647682 1.03584599495
-1.74618339539 -0.0488029718399 1.0359723568
-1.74616444111 -0.0487133972347 1.03620409966
-1.74604833126 -0.0486291646957 1.03635144234
-1.74602234364 -0.0485397428274 1.03647720814
-1.7460244894 -0.0485884658992 1.03657019138
-1.74600589275 -0.048685438931 1.03667616844
-1.74578416348 -0.0487307347357 1.03690433502
-1.7457896471 -0.0486440546811 1.03708541393
-1.74598312378 -0.0485561527312 1.03716170788
-1.74594819546 -0.0485624484718 1.03725457191
-1.74595820904 -0.0485754571855 1.03733408451
-1.74588227272 -0.0485923178494 1.03752815723
-1.74578380585 -0.0485090985894 1.03770554066
-1.74585795403 -0.048405058682 1.03795039654
-1.74601578712 -0.0483613163233 1.03796362877
-1.74614405632 -0.0483956597745 1.0380449295
-1.74595117569 -0.0485729202628 1.03817403316
-1.74581491947 -0.0485210642219 1.03837406635
-1.75049519539 -0.0358644127846 1.04067134857
-1.75793731213 -0.0362161584198 1.06908977032
-1.76853621006 -0.0347005911171 1.08074128628
-1.77256798744 -0.0373873785138 1.06289768219
-1.75005459785 -0.0400448776782 0.993125319481
-1.67067527771 -0.0470336005092 0.912757635117
-1.59281337261 -0.0479952767491 0.882283270359
-1.51979315281 -0.0387692414224 0.852529227734
-1.48346626759 -0.048215739429 0.828843057156
-1.48660767078 -0.0562335923314 0.81930154562
-1.50796866417 -0.0643791258335 0.804470002651
-1.54222393036 -0.0743276700377 0.796248614788
-1.58408153057 -0.0852000266314 0.805861353874
-1.63985919952 -0.0644982233644 0.850909769535
-1.63856565952 -0.039838720113 0.885649800301
-1.6466023922 -0.0316761359572 0.901985406876
-1.6731159687 -0.0364793390036 0.917347848415
-1.7070350647 -0.0245679002255 0.93901103735
-1.73335170746 -0.0124844871461 0.948157906532
-1.77752387524 -0.0129683669657 0.945447146893
-1.80556237698 -0.0134013434872 0.948749244213
-1.82067453861 -0.00553589919582 0.920625209808
-1.82215809822 -0.00913775805384 0.87623912096
-1.76816320419 -0.0186928957701 0.838626861572
-1.70406591892 -0.0223485063761 0.829146802425
-1.63149678707 -0.0199963059276 0.817332386971
-1.59605240822 -0.0344221331179 0.813424825668
-1.58893859386 -0.0473919585347 0.81220138073
-1.59871637821 -0.0566160008311 0.805099070072
-1.61894106865 -0.0779358297586 0.79719555378
-1.66384160519 -0.0956206396222 0.795894622803
-1.70530211926 -0.0989708825946 0.830385267735
-1.69717729092 -0.0840106233954 0.880523085594
-1.66891765594 -0.0781895667315 0.912508487701
-1.65334427357 -0.0786233022809 0.927028894424
-1.65914165974 -0.068439848721 0.951653897762
-1.6650570631 -0.0399094372988 0.97010332346
-1.70794773102 -0.00728112924844 0.985846102238
-1.73974704742 0.0055012088269 0.989035665989
-1.76149082184 0.0171419139951 0.973128139973
-1.7762389183 0.0287833325565 0.922037184238
-1.74608302116 0.024612467736 0.873648881912
-1.67876267433 0.0226683653891 0.840300679207
-1.61422669888 0.0249202717096 0.834437787533
-1.57283186913 0.0223109461367 0.824677765369
-1.54932022095 -0.00275209895335 0.814456701279
-1.56514501572 -0.0273185968399 0.819816052914
-1.57737207413 -0.0433411076665 0.810588955879
-1.61236715317 -0.0781804472208 0.804569303989
-1.67006671429 -0.101085022092 0.816428244114
-1.69625794888 -0.107174172997 0.869612038136
-1.68964958191 -0.0961270108819 0.91271930933
-1.67528319359 -0.0926407128572 0.935841321945
-1.66221237183 -0.0954130142927 0.954538941383
-1.66672110558 -0.080135256052 0.978675484657
-1.67691743374 -0.039623554796 0.99679172039
-1.71717643738 -0.0108026284724 0.997536420822
-1.74495530128 0.0118796937168 0.998245120049
-1.75646555424 0.0326656959951 0.974213004112
-1.7560955286 0.0385826863348 0.93273639679
-1.71865808964 0.0414808429778 0.898582458496
-1.64519929886 0.0439008809626 0.864938259125
-1.58167803288 0.043390776962 0.860753536224
-1.54278957844 0.0398784764111 0.859371602535
-1.52210819721 0.0129747157916 0.858524978161
-1.53210735321 -0.0120091941208 0.865233540535
-1.54586851597 -0.0268717557192 0.855711460114
-1.57653915882 -0.0597779564559 0.849891960621
-1.63681840897 -0.0886119157076 0.862222671509
-1.65956103802 -0.0955424383283 0.910538613796
-1.65266871452 -0.0898546725512 0.953238487244
-1.64114868641 -0.0918753221631 0.980209827423
-1.6401951313 -0.0888225585222 0.998307049274
-1.65294849873 -0.0762301236391 1.02009534836
-1.67913663387 -0.044939443469 1.04262280464
-1.72392368317 -0.01994670555 1.05466222763
-1.74720990658 0.00474037509412 1.05756616592
-1.75383543968 0.0240297205746 1.02910256386
-1.74490940571 0.0336912833154 0.994778156281
-1.69254183769 0.0366812348366 0.965690910816
-1.63932597637 0.0449772998691 0.958716571331
-1.57559156418 0.0528298467398 0.950056314468
-1.55358052254 0.0526885055006 0.943164527416
-1.53851795197 0.0267485380173 0.943751454353
-1.55107295513 0.00870366953313 0.944427549839
-1.56682932377 -0.0104310913011 0.933445394039
-1.59366810322 -0.0369002819061 0.92635422945
-1.64664590359 -0.0569782666862 0.95500767231
-1.64571547508 -0.0627301409841 0.990779876709
-1.63101601601 -0.0677976459265 1.02349567413
-1.61709201336 -0.0813602730632 1.04694926739
-1.61030185223 -0.0895731300116 1.05801904202
-1.62662374973 -0.0841665938497 1.06605267525
-1.65127432346 -0.0625838786364 1.087449193
-1.71120178699 -0.0414468087256 1.10978114605
-1.74595463276 -0.0213392172009 1.11374175549
-1.7689447403 -0.00102901482023 1.07925593853
-1.76860797405 0.00999592524022 1.03920161724
-1.7351565361 0.0191630832851 1.00317573547
-1.69362783432 0.0348349623382 0.994179606438
-1.64644443989 0.0497540459037 0.979814171791
-1.62195920944 0.0553519204259 0.972628176212
-1.60252809525 0.0525287240744 0.96224206686
-1.60114645958 0.0335256978869 0.956362307072
-1.61868906021 0.0190557744354 0.942605435848
-1.64536952972 -0.00636492483318 0.933404147625
-1.68205118179 -0.0303577315062 0.935218334198
-1.71477174759 -0.0431220047176 0.972531974316
-1.71076881886 -0.0411374345422 1.00932610035
-1.68476045132 -0.0483143515885 1.03823637962
-1.66333377361 -0.0624198280275 1.05384802818
-1.65073668957 -0.0704832598567 1.06831014156
-1.6445325613 -0.0657167360187 1.08130848408
-1.66248142719 -0.0474297888577 1.09922659397
-1.71319174767 -0.0274939015508 1.11331129074
-1.73842775822 -0.00442285789177 1.10873651505
-1.7572029829 0.0209750123322 1.06971204281
-1.75049364567 0.0297416187823 1.0265250206
-1.71192169189 0.0349997505546 0.987368643284
-1.670612216 0.0509118102491 0.970907211304
-1.62341761589 0.0631064847112 0.954175651073
-1.60154032707 0.0680314451456 0.941812157631
-1.58568382263 0.0540787093341 0.929983854294
-1.59258568287 0.0337738804519 0.921688020229
-1.61057066917 0.0164994336665 0.904961884022
-1.6493074894 -0.0147780198604 0.889138281345
-1.69506728649 -0.0366793572903 0.903122901917
-1.71079087257 -0.0443737395108 0.935514509678
-1.69976127148 -0.0486533641815 0.972914814949
-1.67451119423 -0.0583955459297 1.0035545826
-1.65425777435 -0.0760466977954 1.01148998737
-1.65034794807 -0.0826838091016 1.02171075344
-1.65375828743 -0.0806262269616 1.03390979767
-1.66880059242 -0.0577844642103 1.04617583752
-1.70917344093 -0.0255474224687 1.04963326454
-1.73097276688 -0.00539767369628 1.04473435879
-1.75561237335 0.0148674063385 0.998287200928
-1.72997379303 0.0257019679993 0.945763230324
-1.68311917782 0.0390632264316 0.910055577755
-1.64444506168 0.0576468743384 0.883194088936
-1.60478436947 0.0702814757824 0.867958366871
-1.58972704411 0.0694042518735 0.860896408558
-1.59999930859 0.0504603236914 0.849934995174
-1.62291431427 0.031438164413 0.829882144928
-1.64971840382 0.00445918738842 0.81069111824
-1.68810236454 -0.0179918278009 0.818351209164
-1.70414364338 -0.0222132895142 0.850115418434
-1.69427585602 -0.0236337725073 0.880289375782
-1.6720405817 -0.0409990660846 0.901848018169
-1.66193521023 -0.0609101206064 0.908753097057
-1.66729032993 -0.053921867162 0.920172631741
-1.68481636047 -0.0374248363078 0.937874376774
-1.73817098141 -0.0236488860101 0.947099089622
-1.76355004311 0.00382212735713 0.947877764702
-1.77543199062 0.024602510035 0.904441297054
-1.74933457375 0.029264902696 0.860022962093
-1.6850912571 0.0368391163647 0.825244963169
-1.62983942032 0.0524198524654 0.816928625107
-1.60049176216 0.064036257565 0.801695406437
-1.5813896656 0.0565891042352 0.793415725231
-1.59896147251 0.0360867604613 0.791323840618
-1.61643373966 0.0162543952465 0.782004892826
-1.64860773087 -0.0141852786765 0.780930221081
-1.70363998413 -0.045903082937 0.800289392471
-1.72968864441 -0.0554157048464 0.848626971245
-1.71059763432 -0.0555511265993 0.886654257774
-1.6913613081 -0.0640842467546 0.902913272381
-1.67313563824 -0.0715506076813 0.91627150774
-1.68594312668 -0.0642223656178 0.931071043015
-1.6946952343 -0.0322968475521 0.939597666264
-1.73892915249 -0.0168290324509 0.949889659882
-1.76961934566 0.00560519052669 0.951688706875
-1.78592121601 0.0299619566649 0.918263494968
-1.78986859322 0.0320802219212 0.865824759007
-1.73516213894 0.0335746891797 0.819688737392
-1.66876554489 0.0397331640124 0.795652449131
-1.60504472256 0.0469159632921 0.774202466011
-1.57581603527 0.0340709127486 0.760833144188
-1.57118713856 0.0095540843904 0.75511264801
-1.58393907547 -0.00965368840843 0.742500841618
-1.61203014851 -0.0412686765194 0.733617544174
-1.64576458931 -0.0729778409004 0.742357134819
-1.67575109005 -0.0829076766968 0.780452311039
-1.66838490963 -0.0794133543968 0.816340684891
-1.6620824337 -0.0826819241047 0.829868912697
-1.66074967384 -0.0909205526114 0.847548365593
-1.67943167686 -0.0802198946476 0.867242693901
-1.7029658556 -0.0474717691541 0.874921858311
-1.75644612312 -0.0199329350144 0.880921006203
-1.78419160843 0.00767304096371 0.884437382221
-1.79483616352 0.0319380499423 0.84828543663
-1.78543961048 0.0360014699399 0.796715497971
-1.73608577251 0.0379959568381 0.755381882191
-1.69033324718 0.043112102896 0.75164103508
-1.65678119659 0.0481008067727 0.740789890289
-1.64564478397 0.0436999090016 0.735686421394
-1.64102351665 0.0225973576307 0.738253712654
-1.66974914074 0.00724026933312 0.732268333435
-1.70804536343 -0.00491746282205 0.730784475803
-1.73890268803 -0.0235997587442 0.751902937889
-1.74538326263 -0.0207775291055 0.808109760284
-1.7206056118 -0.016779107973 0.861632287502
-1.7006636858 -0.0307147223502 0.897657454014
-1.68540120125 -0.0510689541698 0.923366785049
-1.69097399712 -0.0613931380212 0.949150919914
-1.70632874966 -0.0572611317039 0.959281206131
-1.74144971371 -0.0501975789666 0.960365355015
-1.77751672268 -0.0501151606441 0.954386949539
-1.80315566063 -0.056156642735 0.91144412756
-1.85229420662 -0.0713242441416 0.863783478737
-1.91193950176 -0.0855131968856 0.831752955914
-1.95404875278 -0.0881248041987 0.817441403866
-2.00653910637 -0.0912873595953 0.809778749943
-2.04441452026 -0.0926159620285 0.81529957056
-2.07651400566 -0.0901124924421 0.835683703423
-2.1085255146 -0.087588891387 0.860362112522
-2.12951660156 -0.0829868614674 0.882232666016
-2.14189195633 -0.0743064507842 0.906575918198
-2.14623904228 -0.0500593930483 0.956681370735
-2.14803481102 -0.0249397680163 1.02169203758
-2.13418841362 -0.011524097994 1.08420622349
-2.10951638222 -0.00838790275156 1.13321805
-2.09361076355 -0.0113016981632 1.17609524727
-2.06763863564 -0.0185611471534 1.21334552765
-2.04934334755 -0.0321638323367 1.23558580875
-2.03454947472 -0.0384334474802 1.236790061
-2.02899026871 -0.0417429730296 1.23691082001
-2.01795601845 -0.0489583984017 1.2353965044
-2.01134419441 -0.0580985099077 1.23285400867
-2.00854563713 -0.0695884823799 1.23272359371
-2.00487017632 -0.0812268555164 1.23590636253
-1.99965083599 -0.0912017077208 1.24381613731
-1.9934271574 -0.0993734076619 1.25399053097
-1.98455190659 -0.106281399727 1.26602256298
-1.97140455246 -0.112854272127 1.27707791328
-1.95664417744 -0.120139405131 1.28618943691
-1.93902349472 -0.128930255771 1.29275131226
-1.9220263958 -0.139692261815 1.29563629627
-1.90932178497 -0.150809183717 1.29814577103
-1.89915752411 -0.163083478808 1.29912555218
-1.89186120033 -0.173621863127 1.29959237576
-1.8891531229 -0.181656882167 1.29958331585
-1.89017212391 -0.186643779278 1.29935216904
-1.89790558815 -0.190191596746 1.30099749565
-1.9126342535 -0.190448626876 1.30594968796
-1.93504595757 -0.189251080155 1.3119289875
-1.96075928211 -0.188572391868 1.31928181648
-1.9875575304 -0.187199100852 1.3277336359
-2.01672005653 -0.184061795473 1.33691227436
-2.04624724388 -0.179357558489 1.34512472153
-2.07383656502 -0.175018563867 1.3514868021
-2.09933233261 -0.172095835209 1.35521936417
-2.12213420868 -0.171453326941 1.35582816601
-2.13857722282 -0.174653857946 1.35232269764
-2.14856791496 -0.182095840573 1.34640038013
-2.15369772911 -0.191305235028 1.34012234211
-2.1552977562 -0.200704783201 1.33368766308
-2.15342211723 -0.210059434175 1.32474279404
-2.14617490768 -0.217408806086 1.3180629015
-2.13444471359 -0.221750319004 1.31115221977
-2.11705255508 -0.223860353231 1.30381047726
-2.09688830376 -0.224230378866 1.29614090919
-2.07611632347 -0.224197432399 1.28796541691
-2.05788350105 -0.223678126931 1.27952313423
-2.04320645332 -0.22358673811 1.27240753174
-2.03413271904 -0.22058480978 1.26456403732
-2.03241944313 -0.216133370996 1.25650143623
-2.03196525574 -0.209789678454 1.24937283993
-2.03515672684 -0.20026910305 1.24399673939
-2.0413172245 -0.189831838012 1.23982131481
-2.05145096779 -0.183991372585 1.23685884476
-2.06753134727 -0.182580083609 1.23856461048
-2.08805012703 -0.181421726942 1.24724173546
-2.11178612709 -0.181583806872 1.25900733471
-2.13640403748 -0.181926235557 1.27273142338
-2.1594080925 -0.183981522918 1.28540563583
-2.17934513092 -0.18553109467 1.29574370384
-2.19342589378 -0.182751342654 1.30247890949
-2.19878149033 -0.176292002201 1.30479681492
-2.19507598877 -0.169611677527 1.29894542694
-2.18022727966 -0.163486659527 1.29096889496
-2.16123867035 -0.156920537353 1.27882826328
-2.13989257812 -0.151272460818 1.2652797699
-2.11672520638 -0.147877812386 1.24980354309
-2.09201145172 -0.147260710597 1.23497569561
-2.06455898285 -0.146291017532 1.22338068485
-2.03946757317 -0.14032331109 1.21458244324
-1.75358378887 -0.0809661075473 1.06758773327
-1.75536417961 -0.0813892483711 1.06708693504
-1.7559864521 -0.0791218355298 1.06658792496
-1.75479078293 -0.0772177875042 1.06681656837
-1.75313317776 -0.0750129446387 1.06680130959
-1.75191688538 -0.0732136964798 1.06650280952
-1.75163114071 -0.0720705091953 1.06614279747
-1.7522187233 -0.0716542601585 1.06573402882
-1.75270247459 -0.0718049407005 1.06505441666
-1.75302183628 -0.0720369815826 1.06457734108
-1.75329780579 -0.0720799192786 1.06440639496
-1.75346839428 -0.0717267170548 1.0643645525
-1.7534378767 -0.0709001943469 1.06424236298
-1.75300168991 -0.0698605850339 1.06411552429
-1.75256836414 -0.0688832253218 1.06387090683
-1.75246751308 -0.0682028159499 1.06364631653
-1.75255966187 -0.0678280815482 1.0633481741
-1.75342869759 -0.0675214901567 1.06298851967
-1.74858510494 -0.067786231637 1.06111741066
-1.73801040649 -0.0665855258703 1.06200265884
-1.72910928726 -0.0645657777786 1.07359611988
-1.71982729435 -0.064001403749 1.09627759457
-1.71656572819 -0.0616526380181 1.13072836399
-1.71484279633 -0.0564160346985 1.17352092266
-1.71838903427 -0.0547751449049 1.22835075855
-1.72463214397 -0.0520073957741 1.27518677711
-1.7282140255 -0.0537671484053 1.30782067776
-1.73205316067 -0.059074960649 1.32556211948
-1.73537051678 -0.0637442246079 1.32973122597
-1.73994207382 -0.0666920989752 1.3224016428
-1.74210524559 -0.0680912435055 1.30969893932
-1.74248623848 -0.0672144517303 1.30055427551
-1.74066197872 -0.0653234869242 1.29486620426
-1.7400996685 -0.0634042695165 1.29187059402
-1.73864483833 -0.0624295324087 1.28893899918
-1.73702096939 -0.0619474388659 1.28375089169
-1.735632658 -0.0622575357556 1.27854335308
-1.73623502254 -0.064342752099 1.27568399906
-1.73776638508 -0.0648322328925 1.2720760107
-1.73859524727 -0.0642648339272 1.26833248138
-1.73898279667 -0.063354216516 1.26507377625
-1.738068223 -0.0626499354839 1.26184892654
-1.73680758476 -0.0621790327132 1.25797450542
-1.73549282551 -0.0620552040637 1.2543797493
-1.73542785645 -0.0621869750321 1.25120460987
-1.73603689671 -0.062203399837 1.2478801012
-1.73672962189 -0.0618237927556 1.24462127686
-1.73674154282 -0.0615091063082 1.2417318821
-1.73604094982 -0.0612474270165 1.23858189583
-1.73545336723 -0.0610327161849 1.2354837656
-1.73537278175 -0.0609038211405 1.23261904716
-1.73579978943 -0.0607737340033 1.22971522808
-1.73603773117 -0.0605602525175 1.2266818285
-1.73582148552 -0.0603372827172 1.22394788265
-1.73538839817 -0.0601864159107 1.22120141983
-1.73455941677 -0.0598986633122 1.21844530106
-1.73472821712 -0.0603429563344 1.21608948708
-1.73656892776 -0.0611013025045 1.21139955521
-1.73865938187 -0.0665819421411 1.2036665678
-1.73755443096 -0.072734721005 1.19453108311
-1.73417365551 -0.0808593481779 1.18728089333
-1.73255825043 -0.0853424891829 1.17884635925
-1.73132562637 -0.0860634073615 1.16462528706
-1.72883200645 -0.0853676795959 1.13977718353
-1.72376072407 -0.0830447897315 1.10607147217
-1.7178633213 -0.0826486423612 1.0692782402
-1.71366453171 -0.0835563614964 1.02941656113
-1.7114251852 -0.0837617293 0.986045002937
-1.70974266529 -0.0823178142309 0.945492088795
-1.70834434032 -0.0811568573117 0.913850486279
-1.70779931545 -0.0795050412416 0.891445934772
-1.70941329002 -0.0775553882122 0.879042446613
-1.70980167389 -0.0755829513073 0.876933455467
-1.71048557758 -0.0739739015698 0.885684132576
-1.71124184132 -0.0735061913729 0.903528094292
-1.71246683598 -0.0727918297052 0.92303866148
-1.71339726448 -0.0720866695046 0.941752552986
-1.71627557278 -0.0716966241598 0.957558989525
-1.71884202957 -0.0698883384466 0.969512999058
-1.72200930119 -0.0688278973103 0.976170420647
-1.72438025475 -0.0676621198654 0.978029489517
-1.72593080997 -0.0652824193239 0.976524233818
-1.72675812244 -0.0640815868974 0.976214706898
-1.72680401802 -0.063933044672 0.978102743626
-1.72618734837 -0.0647233724594 0.979611694813
-1.72531950474 -0.0649790465832 0.980390667915
-1.72474706173 -0.0652729868889 0.982563793659
-1.72407877445 -0.0655393302441 0.985413193703
-1.72335660458 -0.0652088597417 0.98771828413
-1.7225279808 -0.0649335607886 0.990383565426
-1.72179830074 -0.0644453018904 0.994292914867
-1.72140645981 -0.0643876045942 0.998525619507
-1.72091150284 -0.0645987764001 1.00143861771
-1.72017717361 -0.0639187470078 1.00236296654
-1.72011041641 -0.0628978088498 1.00276339054
-1.72137105465 -0.0626741796732 1.00385260582
-1.72253525257 -0.0625659972429 1.0033223629
-1.72230124474 -0.0626360476017 1.00259649754
-1.72147166729 -0.0630704388022 1.00263214111
-1.72031319141 -0.0633706152439 1.00290977955
-1.72161304951 -0.0633985623717 1.00245428085
-1.7239575386 -0.0638415142894 1.0017772913
-1.72715246677 -0.0646737366915 1.00194990635
-1.72922956944 -0.065397374332 1.00284099579
-1.7301517725 -0.065651088953 1.00370013714
-1.73007071018 -0.0651935115457 1.00465583801
-1.7291841507 -0.0646076127887 1.00576853752
-1.72806870937 -0.0640812888741 1.0064316988
-1.72742664814 -0.0637950226665 1.00695300102
-1.72753715515 -0.0639884769917 1.00757777691
-1.72830176353 -0.0642965510488 1.00823616982
-1.72891914845 -0.0644414201379 1.00894093513
-1.72882449627 -0.0643477067351 1.00984489918
-1.72823536396 -0.0640945211053 1.01065647602
-1.72781360149 -0.0637342184782 1.01145195961
-1.72772872448 -0.0636101067066 1.01208591461
-1.72807610035 -0.0636196359992 1.01255941391
-1.72830140591 -0.0637977346778 1.01304495335
-1.728266716 -0.0638724863529 1.01380515099
-1.72792613506 -0.0638167336583 1.01459133625
-1.72766935825 -0.0635344088078 1.01534759998
-1.72763693333 -0.0633535012603 1.01601922512
-1.72772681713 -0.0631884559989 1.01658904552
-1.72777068615 -0.0632502064109 1.01700639725
-1.72769296169 -0.0633043497801 1.01752531528
-1.72733235359 -0.0633609965444 1.01821815968
-1.7271668911 -0.0632715895772 1.01899135113
-1.7274273634 -0.0631098002195 1.01953780651
-1.72758686543 -0.0629647001624 1.01998341084
-1.72758328915 -0.0629354938865 1.02045953274
-1.72729480267 -0.063068293035 1.02098476887
-1.72720623016 -0.0630814582109 1.02158749104
-1.72732317448 -0.0629392564297 1.02221405506
-1.72732841969 -0.0627226158977 1.02282953262
-1.72726094723 -0.062569335103 1.02317547798
-1.7269269228 -0.0624300390482 1.0236467123
-1.72625207901 -0.0622913688421 1.02415680885
-1.72582292557 -0.0620151013136 1.02481603622
-1.72596216202 -0.0617675073445 1.02532708645
-1.7260979414 -0.0616601034999 1.02555942535
-1.72612905502 -0.0629837214947 1.02631652355
-1.72575938702 -0.0631450936198 1.02679264545
-1.72546839714 -0.0630109235644 1.02743566036
-1.72556006908 -0.0628162622452 1.02790224552
-1.72564804554 -0.0624004453421 1.02830958366
-1.72557854652 -0.0622569695115 1.02867889404
-1.72527289391 -0.0622157603502 1.02892756462
-1.72480773926 -0.0623437725008 1.02917146683
-1.72451901436 -0.0624172277749 1.02959048748
-1.72451281548 -0.0622877553105 1.03011262417
-1.72465741634 -0.0620754510164 1.03053033352
-1.72461128235 -0.0617784969509 1.03074777126
-1.72415709496 -0.0617057904601 1.03095400333
-1.72349822521 -0.0617145970464 1.03114175797
-1.72310125828 -0.0617299750447 1.03130221367
-1.72299170494 -0.0617264211178 1.03167581558
-1.72322058678 -0.0616784095764 1.03210151196
-1.72353541851 -0.0615699291229 1.03236997128
-1.72351169586 -0.0614918805659 1.03261816502
-1.72326505184 -0.0615836642683 1.0328810215
-1.72318482399 -0.0616865605116 1.03318047523
-1.72330760956 -0.0616574473679 1.03345501423
-1.72361552715 -0.0615843236446 1.03372251987
-1.00547921658 -0.852742493153 1.76936018467
-1.00670170784 -0.861367642879 1.76451551914
-0.998968601227 -0.853728711605 1.7561674118
-1.04623222351 -0.845284819603 1.75559210777
-1.12881219387 -0.82763081789 1.76669836044
-1.18605148792 -0.805150926113 1.77100479603
-1.19675815105 -0.760965585709 1.72471702099
-1.16636252403 -0.718629658222 1.66513037682
-1.11895442009 -0.682942092419 1.6198438406
-1.08396959305 -0.649367749691 1.59608697891
-1.04213047028 -0.62170124054 1.57367825508
-1.01587986946 -0.603414058685 1.5460370779
-0.990571320057 -0.591654956341 1.50669813156
-1.00796282291 -0.588957548141 1.4729462862
-1.03917765617 -0.576012611389 1.43854641914
-1.08315527439 -0.57249802351 1.42445802689
-1.1232727766 -0.57481533289 1.42559790611
-1.16261446476 -0.585145771503 1.46879208088
-1.16307079792 -0.59216594696 1.50894165039
-1.15149652958 -0.589853048325 1.52558851242
-1.13321089745 -0.585676074028 1.53152632713
-1.14155554771 -0.579133689404 1.53627574444
-1.15587615967 -0.56128013134 1.55056273937
-1.19198763371 -0.537963271141 1.57421946526
-1.25619387627 -0.504829466343 1.58146035671
-1.29350221157 -0.476850777864 1.57454919815
-1.30649888515 -0.43839392066 1.53408491611
-1.2884812355 -0.402575731277 1.48003637791
-1.25030934811 -0.371788680553 1.44546210766
-1.21764135361 -0.347314298153 1.4324221611
-1.18708705902 -0.326512128115 1.41659665108
-1.17008304596 -0.321265935898 1.40195214748
-1.1589717865 -0.332183092833 1.38110995293
-1.18105530739 -0.343438774347 1.36259031296
-1.19600462914 -0.347412467003 1.33041703701
-1.2306907177 -0.357455402613 1.30499744415
-1.28517413139 -0.379231750965 1.30865836143
-1.31062352657 -0.39538988471 1.3458275795
-1.30652785301 -0.403584688902 1.37372946739
-1.29365968704 -0.42009729147 1.3916939497
-1.27884459496 -0.431857198477 1.39375460148
-1.28764712811 -0.434485703707 1.4018201828
-1.32363009453 -0.406544625759 1.41265761852
-1.38576281071 -0.393067359924 1.44588172436
-1.43323075771 -0.364629983902 1.4553655386
-1.4537280798 -0.330401241779 1.43234992027
-1.46109640598 -0.293702930212 1.39232158661
-1.43246781826 -0.264926165342 1.34886062145
-1.38853085041 -0.236547410488 1.32442700863
-1.35837602615 -0.213061049581 1.31513988972
-1.33389663696 -0.19125521183 1.30069553852
-1.32035386562 -0.187591433525 1.28071343899
-1.3164690733 -0.19703476131 1.26673769951
-1.33764278889 -0.209222957492 1.24814617634
-1.36452829838 -0.222813442349 1.22731363773
-1.40264976025 -0.240160420537 1.20566344261
-1.45012640953 -0.2602891922 1.21794164181
-1.46921265125 -0.271853238344 1.2617982626
-1.45210814476 -0.284617245197 1.29024958611
-1.4380030632 -0.293353617191 1.28838551044
-1.44602108002 -0.300150096416 1.29709076881
-1.46674191952 -0.298423349857 1.318754673
-1.48189973831 -0.262967675924 1.32726681232
-1.53310775757 -0.237012639642 1.33455860615
-1.56037890911 -0.211100593209 1.33519792557
-1.57711780071 -0.174915999174 1.30628311634
-1.57892501354 -0.154699832201 1.25168085098
-1.52180957794 -0.139783814549 1.20151042938
-1.4683560133 -0.122789546847 1.17531812191
-1.41410958767 -0.112012460828 1.16280710697
-1.3895919323 -0.112650893629 1.14014399052
-1.37744748592 -0.131742835045 1.12396287918
-1.39974761009 -0.15166194737 1.1106441021
-1.42401611805 -0.17237432301 1.09385693073
-1.46911168098 -0.201109841466 1.08244109154
-1.53142666817 -0.227921113372 1.10870265961
-1.54763281345 -0.226362198591 1.14875483513
-1.53262495995 -0.229796975851 1.18140935898
-1.52324843407 -0.234233394265 1.18314802647
-1.53114259243 -0.239125058055 1.20256900787
-1.54973828793 -0.222569838166 1.22163629532
-1.57904076576 -0.188803806901 1.22945213318
-1.61667883396 -0.150403216481 1.22087466717
-1.64276170731 -0.121173463762 1.21180510521
-1.64881944656 -0.0943151041865 1.19349133968
-1.64565336704 -0.0734258666635 1.14258754253
-1.61889064312 -0.0707959234715 1.10317730904
-1.5474613905 -0.067142829299 1.05965340137
-1.48242282867 -0.06692212075 1.05526936054
-1.43013966084 -0.0623660758138 1.03906309605
-1.40626060963 -0.0803742930293 1.02446067333
-1.40469360352 -0.103244975209 1.02145922184
-1.41689300537 -0.114485688508 1.0088711977
-1.45522284508 -0.143692970276 1.00167477131
-1.50503492355 -0.168864861131 1.01220881939
-1.53771197796 -0.17150606215 1.05136919022
-1.53146314621 -0.165470346808 1.08559381962
-1.52701938152 -0.167411774397 1.09838759899
-1.52774238586 -0.171087175608 1.10425722599
-1.54982995987 -0.151784792542 1.11123812199
-1.5773652792 -0.128699436784 1.12160098553
-1.6247998476 -0.102637812495 1.12072610855
-1.64880311489 -0.0722493380308 1.10890746117
-1.65902900696 -0.0433461777866 1.05746150017
-1.63209152222 -0.0281269978732 1.00646257401
-1.56455779076 -0.0132808713242 0.968229293823
-1.4985601902 -0.00276112905703 0.96043419838
-1.45545482635 0.00612513069063 0.944026529789
-1.43505811691 -0.00249383109622 0.933474183083
-1.44588518143 -0.028383936733 0.930321872234
-1.46360504627 -0.0455592796206 0.915937304497
-1.49253332615 -0.0785920917988 0.904729127884
-1.54748809338 -0.114493757486 0.922285497189
-1.5605802536 -0.122590973973 0.959980010986
-1.54748237133 -0.128807380795 0.994694471359
-1.54062283039 -0.140831932425 1.01163208485
-1.55890786648 -0.146296441555 1.02507197857
-1.58376169205 -0.124525465071 1.0459240675
-1.62252569199 -0.0955575853586 1.06023478508
-1.66018509865 -0.0723528191447 1.06141161919
-1.68387019634 -0.0452761948109 1.05383419991
-1.69141340256 -0.016196064651 1.02192997932
-1.67155659199 -0.00312552368268 0.98092186451
-1.61134934425 0.00306371343322 0.946870446205
-1.5560413599 0.0106275891885 0.944845557213
-1.50974845886 0.0180801171809 0.936298549175
-1.48767352104 0.000848174211569 0.92511087656
-1.48512172699 -0.0245202016085 0.922612130642
-1.50141835213 -0.0437020286918 0.912657022476
-1.5336368084 -0.0754328891635 0.905047357082
-1.58051252365 -0.106466509402 0.91126704216
-1.61051034927 -0.117326676846 0.960892319679
-1.60182356834 -0.117527253926 1.00330519676
-1.59236955643 -0.120941027999 1.02670204639
-1.59133803844 -0.12629018724 1.04766654968
-1.60839891434 -0.122850328684 1.0756238699
-1.61847293377 -0.0878262519836 1.09642755985
-1.67911529541 -0.0598739720881 1.11253845692
-1.71079599857 -0.0297267995775 1.12176215649
-1.72431457043 -0.00373748806305 1.10677933693
-1.72347521782 0.0114564122632 1.06499552727
-1.66929376125 0.0171831659973 1.02259218693
-1.60564374924 0.0245966669172 1.01092481613
-1.5354385376 0.0340043865144 1.00005578995
-1.50515949726 0.027439372614 0.987697780132
-1.49074482918 0.0105011602864 0.984824120998
-1.50819969177 -0.00562292337418 0.979232430458
-1.5321611166 -0.0336741358042 0.972957730293
-1.56622898579 -0.0666004344821 0.967697381973
-1.624360919 -0.0776950120926 0.992948412895
-1.61949074268 -0.076275408268 1.02919948101
-1.60478532314 -0.0831012502313 1.05843794346
-1.58861625195 -0.0922394096851 1.06926238537
-1.61143124104 -0.0937615558505 1.08547103405
-1.63421785831 -0.0633318498731 1.10035538673
-1.69760715961 -0.0431982204318 1.11866343021
-1.73114204407 -0.024196960032 1.12346851826
-1.74945938587 -0.00228455872275 1.09870576859
-1.75066781044 0.00362057285383 1.05129778385
-1.69546151161 0.0116412285715 1.00827944279
-1.62920415401 0.0241733789444 0.986009597778
-1.5691742897 0.0330438241363 0.976149082184
-1.53966379166 0.0265032090247 0.972917437553
-1.52737498283 0.00565418647602 0.969269633293
-1.55034887791 -0.0199268832803 0.97241294384
-1.5723272562 -0.0438548214734 0.960350334644
-1.60596811771 -0.0782529711723 0.950725078583
-1.66672551632 -0.102285429835 0.976957142353
-1.67380070686 -0.0990816056728 1.00646567345
-1.65917515755 -0.0977447628975 1.03231656551
-1.6482424736 -0.100006602705 1.03399634361
-1.64420175552 -0.105307169259 1.04527878761
-1.66021752357 -0.0891009345651 1.05610573292
-1.69203972816 -0.0666856765747 1.06161952019
-1.73643386364 -0.0468752682209 1.05558490753
-1.76462471485 -0.0190707091242 1.03568851948
-1.76358675957 0.00833220034838 0.981796562672
-1.72699820995 0.0145076233894 0.934598505497
-1.659501791 0.0177821945399 0.894983887672
-1.59221124649 0.0260383710265 0.892792522907
-1.55876219273 0.0279775392264 0.887461900711
-1.53490376472 0.0102878538892 0.881622135639
-1.54820489883 -0.0136911673471 0.888181805611
-1.55938160419 -0.0292366072536 0.881856620312
-1.58854877949 -0.0621370188892 0.880123496056
-1.64916801453 -0.0860458165407 0.904238581657
-1.65631234646 -0.0899974629283 0.938382387161
-1.64096009731 -0.0930794104934 0.976397275925
-1.63107264042 -0.0989293754101 0.992932319641
-1.63211917877 -0.103224508464 1.01696741581
-1.64900636673 -0.08791872859 1.03433990479
-1.672747612 -0.0535188354552 1.0432844162
-1.7176668644 -0.0244351793081 1.03437685966
-1.74748504162 -0.00660936860368 1.02944242954
-1.7586145401 0.00398547528312 1.02537000179
-1.76511418819 -0.00262984936126 1.01798069477
-1.77012860775 -0.0135611575097 1.01092433929
-1.76585650444 -0.0293162129819 1.00871968269
-1.75750386715 -0.0441742539406 1.0063097477
-1.74629366398 -0.0505123920739 1.00340032578
-1.73633289337 -0.0498942583799 0.997877836227
-1.72779774666 -0.0449417419732 0.989491939545
-1.72268772125 -0.0389055386186 0.980861186981
-1.7197779417 -0.0346290841699 0.980581581593
-1.71803307533 -0.0316809974611 0.985984146595
-1.71599555016 -0.029054408893 0.990866243839
-1.71482026577 -0.0264839194715 0.993200838566
-1.71422255039 -0.0240351743996 0.993587315083
-1.71481859684 -0.0231335833669 0.993995010853
-1.7160192728 -0.0234975088388 0.994834899902
-1.71681189537 -0.0241657774895 0.994986474514
-1.71650600433 -0.0244216155261 0.995409071445
-1.71625268459 -0.0246189665049 0.996141433716
-1.71691000462 -0.0242871083319 0.997334599495
-1.71747028828 -0.0236021727324 0.998782753944
-1.71776437759 -0.0230012852699 0.999943256378
-1.71756517887 -0.0227484051138 1.00128483772
-1.71716320515 -0.0215483885258 1.00372028351
-1.71599507332 -0.0192412082106 1.00754225254
-1.71362090111 -0.0156647413969 1.01193535328
-1.70884919167 -0.0105632124469 1.01576399803
-1.70274865627 -0.00594828044996 1.01913893223
-1.69773042202 -0.00150725303683 1.02196335793
-1.69202494621 0.00299945916049 1.02446568012
-1.68628883362 0.00667085219175 1.02600502968
-1.68131494522 0.00859968550503 1.02690601349
-1.67749452591 0.00986785814166 1.02671599388
-1.67380070686 0.00990842096508 1.02587532997
-1.67120432854 0.00892788078636 1.02437055111
-1.66947567463 0.00682031456381 1.0239803791
-1.67072832584 0.00487779546529 1.02442061901
-1.67201054096 0.00435720290989 1.02439403534
-1.67143821716 0.00571751734242 1.02413606644
-1.66886436939 0.00732961902395 1.02378451824
-1.66451382637 0.0080045722425 1.02327251434
-1.6616294384 0.00826001632959 1.02266061306
-1.66121590137 0.00865196064115 1.02320826054
-1.66546118259 0.00917021371424 1.02409076691
-1.66827404499 0.0106017487124 1.02493238449
-1.67193841934 0.0122631583363 1.02500724792
-1.67237389088 0.0135580878705 1.02472364902
-1.67244124413 0.0145264016464 1.02400803566
-1.67128682137 0.0147324167192 1.02419960499
-1.67131924629 0.0159454848617 1.02589309216
-1.67329466343 0.0187893547118 1.02783739567
-1.67370796204 0.0213569253683 1.03036141396
-1.67272496223 0.0235624350607 1.03372454643
-1.67217075825 0.0269465278834 1.03771674633
-1.67142117023 0.0315061472356 1.0418214798
-1.67081522942 0.0372218005359 1.04523050785
-1.67029702663 0.0430985279381 1.04725456238
-1.66847991943 0.0485764145851 1.04636919498
-1.66752278805 0.0535943433642 1.04777240753
-1.66653501987 0.057395465672 1.04873049259
-1.66299569607 0.0605706423521 1.04825365543
-1.65794718266 0.0626199543476 1.04579162598
-1.65061926842 0.0614811889827 1.04204547405
-1.64131915569 0.0589324347675 1.03679895401
-1.63239920139 0.0554604791105 1.03078377247
-1.62472307682 0.0505172871053 1.02525150776
-1.6167743206 0.0432887561619 1.0210943222
-1.60827970505 0.0376397743821 1.01616382599
-1.59952485561 0.0326664410532 1.00887024403
-1.58981227875 0.0287562310696 0.998086512089
-1.57708609104 0.0258408337831 0.98375916481
-1.55991065502 0.0243913270533 0.962039887905
-1.53707683086 0.0206864029169 0.937081992626
-1.51358282566 0.0169127304107 0.912085056305
-1.48806369305 0.0163699854165 0.892284870148
-1.45742595196 0.0198841970414 0.874852597713
-1.43312466145 0.0218725055456 0.863183200359
-1.43413996696 0.019357489422 0.8441401124
-1.42212343216 0.0137916402891 0.81183385849
-1.43394231796 0.0152994105592 0.763745307922
-1.47320139408 0.00558951450512 0.713526844978
-1.52395105362 -0.0212004277855 0.67052590847
-1.58794808388 -0.0577293857932 0.642342150211
-1.6552901268 -0.0937433093786 0.6246702075
-1.73256850243 -0.130813419819 0.614376962185
-1.80597865582 -0.168067574501 0.612981855869
-1.87630808353 -0.200129315257 0.622387707233
-1.94201612473 -0.2257360816 0.642333328724
-2.00267004967 -0.241489887238 0.676094710827
-2.05457687378 -0.250312507153 0.719801902771
-2.10102033615 -0.250953644514 0.773223638535
-2.1428937912 -0.242651075125 0.831837773323
-2.17775845528 -0.227976664901 0.893044054508
-2.20434403419 -0.20933303237 0.95449924469
-2.22171640396 -0.188273653388 1.01411938667
-2.23037075996 -0.165404006839 1.07191038132
-2.23354148865 -0.141120538116 1.12596046925
-2.22867202759 -0.116781167686 1.17744314671
-2.2192697525 -0.0919249430299 1.22472321987
-2.20878791809 -0.0706737190485 1.26409029961
-2.19907426834 -0.0554213486612 1.2955673933
-2.18874454498 -0.0470222346485 1.31678330898
-2.1770029068 -0.0470351539552 1.32944905758
-2.16679215431 -0.0572795234621 1.33384728432
-2.16303372383 -0.074926994741 1.32960283756
-2.17295026779 -0.093510530889 1.32056558132
-2.18928194046 -0.110454395413 1.30665838718
-2.20922231674 -0.126692384481 1.28987443447
-2.2267870903 -0.141711086035 1.27363371849
-2.24255347252 -0.155786469579 1.25972497463
-2.25757908821 -0.167801469564 1.25050246716
-2.27014374733 -0.178692236543 1.24461829662
-2.27850461006 -0.187364056706 1.24125754833
-2.27935695648 -0.194664746523 1.24009549618
-2.27252531052 -0.200515970588 1.24055588245
-2.26052379608 -0.203748911619 1.24152386189
-2.24249148369 -0.205160200596 1.24248158932
-2.2203104496 -0.203079044819 1.24385130405
-2.1964673996 -0.195713505149 1.2451416254
-2.17356967926 -0.184641584754 1.24672544003
-2.1498913765 -0.173849463463 1.24948656559
-2.12321829796 -0.163226932287 1.25328946114
-2.09701228142 -0.151920437813 1.25721621513
-2.0786113739 -0.136137247086 1.25533926487
-2.06223917007 -0.123438037932 1.24676191807
-2.04429221153 -0.115543030202 1.23364710808
-2.0290210247 -0.111055403948 1.21617257595
-2.01754331589 -0.108947202563 1.19688165188
-2.01002192497 -0.11027469486 1.17898952961
-2.0075135231 -0.109011717141 1.16458630562
-2.01032495499 -0.105914585292 1.15424370766
-1.72490441799 -0.0589695684612 1.06886172295
-1.72499346733 -0.0588640719652 1.06888961792
-1.72496426105 -0.0587045028806 1.06895124912
-1.72486615181 -0.0585934147239 1.06892299652
-1.72493565083 -0.0585236176848 1.06886231899
-1.72508084774 -0.0584782995284 1.06891524792
-1.72516965866 -0.0584926307201 1.06888329983
-1.72512376308 -0.058423101902 1.06898522377
-1.72501897812 -0.0582921355963 1.06911146641
-1.72510099411 -0.0581229887903 1.06921362877
-1.72504842281 -0.0578913353384 1.06921052933
-1.72490119934 -0.057804942131 1.06927037239
-1.72481775284 -0.0577803738415 1.06925439835
-1.72491753101 -0.0578061640263 1.06929183006
-1.72494482994 -0.0577858947217 1.06937885284
-1.72504973412 -0.057606305927 1.06944692135
-1.72494912148 -0.0574654974043 1.06950581074
-1.72485983372 -0.0573573745787 1.06963777542
-1.72497963905 -0.0573052242398 1.06965184212
-1.72507953644 -0.0573246255517 1.06967782974
-1.72506868839 -0.057362627238 1.06977701187
-1.72517347336 -0.0574970506132 1.06982183456
-1.72503769398 -0.0572781488299 1.06974065304
-1.72527885437 -0.0574659146369 1.06993162632
-1.72528553009 -0.0575117953122 1.06998455524
-1.72499108315 -0.0576136186719 1.06987714767
-1.72508537769 -0.0576716512442 1.06983232498
-1.7254986763 -0.0577190555632 1.06997144222
-1.72576892376 -0.0577284321189 1.07016479969
-1.72570097446 -0.0575814396143 1.07015430927
-1.72510111332 -0.0574073754251 1.07023489475
-1.72501039505 -0.0573302097619 1.0704202652
-1.72518897057 -0.057310923934 1.07049524784
-1.72524309158 -0.0573142394423 1.07035112381
-1.72510755062 -0.0573699101806 1.07037937641
-1.72498476505 -0.0574030764401 1.07049107552
-1.72510111332 -0.0572681501508 1.07044553757
-1.72516274452 -0.0571068935096 1.07053184509
-1.7251086235 -0.0570198483765 1.07056665421
-1.72512960434 -0.057053938508 1.07052326202
-1.72518765926 -0.05717080459 1.07044005394
-1.72538495064 -0.0572160594165 1.07052528858
-1.7254627943 -0.0571806542575 1.07053792477
-1.72527849674 -0.0570324137807 1.07053542137
-1.72507143021 -0.056881159544 1.07054150105
-1.72509503365 -0.0568020269275 1.0705037117
-1.72521901131 -0.0568262673914 1.07033312321
-1.72523248196 -0.0568599067628 1.07020962238
-1.72510945797 -0.0569123253226 1.07021307945
-1.72494161129 -0.0568393692374 1.07018876076
-1.72490537167 -0.0566700585186 1.07023572922
-1.72492027283 -0.0565183013678 1.07021665573
-1.72494101524 -0.0564670488238 1.07017314434
-1.72481799126 -0.0565239712596 1.07006454468
-1.72476828098 -0.0566612221301 1.07004201412
-1.72485566139 -0.0566839985549 1.07008004189
-1.72485077381 -0.0566401779652 1.07008624077
-1.7247351408 -0.0565034337342 1.07006812096
-1.72456479073 -0.056387975812 1.0700532198
-1.72453725338 -0.0563596189022 1.06997168064
-1.72458589077 -0.0563981533051 1.06998407841
-1.72470390797 -0.0564629584551 1.06994223595
-1.72461235523 -0.0564713478088 1.06988120079
-1.72457206249 -0.0564253777266 1.06992733479
-1.72456502914 -0.0563615299761 1.07000863552
-1.72456109524 -0.0562708452344 1.0699903965
-1.72455441952 -0.0562558323145 1.06984698772
-1.72443521023 -0.0562895610929 1.06979966164
-1.72430408001 -0.056288369 1.06986188889
-1.72430050373 -0.0562309660017 1.06983733177
-1.72423017025 -0.0561503432691 1.069891572
-1.72401738167 -0.0561061054468 1.06998872757
-1.7240831852 -0.0560532435775 1.06992685795
-1.7241153717 -0.0559976659715 1.06985962391
-1.72403550148 -0.0559997558594 1.06983602047
-1.72398865223 -0.0559755451977 1.06985986233
-1.72396695614 -0.0558895505965 1.06986010075
-1.72397255898 -0.0558103322983 1.0699044466
-1.72391438484 -0.0557422190905 1.06994986534
-1.72391986847 -0.0557074137032 1.06995296478
-1.72389256954 -0.055723592639 1.06998872757
-1.72395014763 -0.0557344853878 1.07003188133
-1.72396349907 -0.055758215487 1.0699467659
-1.72385382652 -0.0557474419475 1.06989097595
-1.72376227379 -0.0557187870145 1.06984257698
-1.72382819653 -0.0556909963489 1.06968092918
-1.72387814522 -0.0557123683393 1.06955862045
-1.72385966778 -0.0557298623025 1.06957399845
-1.72383832932 -0.0556906685233 1.06945455074
-1.7237830162 -0.0556045547128 1.06947219372
-1.7238035202 -0.055552650243 1.06946241856
-1.7238484621 -0.0554946549237 1.06952285767
-1.72393298149 -0.0554784759879 1.06951320171
-1.72390067577 -0.0554778799415 1.06945478916
-1.7238894701 -0.0555078461766 1.06938946247
-1.7239522934 -0.0555071011186 1.06933665276
-1.72398984432 -0.0555105656385 1.06934380531
-1.72392940521 -0.0554780289531 1.06926560402
-1.72388911247 -0.0554203316569 1.06925106049
-1.72405815125 -0.055447883904 1.06916332245
-1.72415006161 -0.055482596159 1.06913030148
-1.72411119938 -0.0554936118424 1.06907427311
-1.72403454781 -0.0555260553956 1.06908881664
-1.72399461269 -0.0555395185947 1.0690805912
-1.72403824329 -0.0554673746228 1.06903767586
-1.72396469116 -0.0553877092898 1.06896090508
-1.72389471531 -0.0553732030094 1.06896066666
-1.72394251823 -0.0553838275373 1.06896114349
-1.72402667999 -0.0554160661995 1.06891644001
-1.72397363186 -0.0554333180189 1.06887149811
-1.72387969494 -0.0553492940962 1.06885313988
-1.72385156155 -0.0553654432297 1.06877589226
-1.7237701416 -0.055353384465 1.0687264204
-1.72375643253 -0.0553771108389 1.06869578362
-1.7238304615 -0.0553979463875 1.06874024868
-1.72376906872 -0.0553762465715 1.06869506836
-1.72378313541 -0.0553019866347 1.06858778
-1.72373235226 -0.0552906431258 1.06853973866
-1.7236610651 -0.0552722550929 1.06848633289
-1.72423696518 -0.0553118959069 1.0685082674
-1.72680711746 -0.0558580607176 1.06695795059
-1.72816193104 -0.0566751919687 1.06538963318
-1.72734117508 -0.057850047946 1.06490325928
-1.72376656532 -0.0597898103297 1.06396603584
-1.72112929821 -0.0601609200239 1.06404268742
-1.72309660912 -0.0587361454964 1.06515598297
-1.7257245779 -0.0549704954028 1.06685996056
-1.72759795189 -0.0542205050588 1.06821811199
-1.72765123844 -0.0525646544993 1.0682091713
-1.72562015057 -0.051772326231 1.067943573
-1.72314691544 -0.0516546852887 1.06757032871
-1.72139716148 -0.0519415028393 1.0671942234
-1.72052621841 -0.0519962906837 1.06712806225
-1.72037887573 -0.0516978688538 1.06761574745
-1.72054207325 -0.0513858124614 1.06776249409
-1.72035002708 -0.0510802045465 1.06759464741
-1.72038257122 -0.0512736663222 1.06759595871
-1.72101330757 -0.0516694001853 1.06764817238
-1.72164773941 -0.0520596206188 1.06734275818
-1.72215795517 -0.0524946711957 1.06713736057
-1.72245192528 -0.0527410618961 1.06715416908
-1.72262120247 -0.0527206473053 1.06725180149
-1.7199857235 -0.0523372776806 1.06733298302
-1.71906125546 -0.0520973689854 1.06762719154
-1.71880674362 -0.051743555814 1.06782865524
-1.71947026253 -0.0513988509774 1.06778526306
-1.72039818764 -0.051275126636 1.06771576405
-1.72097551823 -0.0514499992132 1.06769430637
-1.7210201025 -0.0515784099698 1.06740057468
-1.72100496292 -0.0516125485301 1.06717538834
-1.72091817856 -0.0516888871789 1.06726396084
-1.72044873238 -0.0515399128199 1.06724381447
-1.71980130672 -0.0512840822339 1.06701803207
-1.71935045719 -0.0512650720775 1.06697618961
-1.71900486946 -0.0513935983181 1.06706678867
-1.71861708164 -0.0515240393579 1.06694090366
-1.71790492535 -0.0513540580869 1.06672048569
-1.7167071104 -0.050904083997 1.06675732136
-1.71518409252 -0.0501700676978 1.06689286232
-1.71350705624 -0.0490971729159 1.06686329842
-1.71063363552 -0.0480881892145 1.0669324398
-1.70942950249 -0.0477274917066 1.06686639786
-1.70891177654 -0.0480394028127 1.06664180756
-1.70862102509 -0.0487265251577 1.06626629829
-1.70859622955 -0.0494919084013 1.06591868401
-1.70845532417 -0.0503561198711 1.06588804722
-1.70820868015 -0.0507120862603 1.0660392046
-1.70809280872 -0.0506407357752 1.06601929665
-1.70804584026 -0.0505754463375 1.06606781483
-1.70841133595 -0.0507098175585 1.06629121304
-1.70884919167 -0.0506086871028 1.06644308567
-1.70894217491 -0.0503249652684 1.06676256657
-1.70893239975 -0.0494350641966 1.06977951527
-1.70923256874 -0.048454079777 1.07020676136
-1.70968019962 -0.0476350598037 1.07021903992
-1.71023583412 -0.0475364215672 1.07008934021
-1.71070468426 -0.0478744991124 1.06990873814
-1.71121394634 -0.0484460517764 1.06945943832
-1.71150350571 -0.0490081086755 1.06914973259
-1.71027243137 -0.0513554029167 1.07012677193
-1.70502793789 -0.0477127842605 1.06923830509
-1.6940972805 -0.0452527478337 1.07588398457
-1.67572402954 -0.0448790043592 1.09217774868
-1.6551399231 -0.0464009530842 1.1212117672
-1.64210569859 -0.0496891438961 1.15906226635
-1.63297617435 -0.0540882274508 1.20613384247
-1.62956178188 -0.0543348193169 1.25505137444
-1.63382983208 -0.0498608388007 1.2911260128
-1.64332234859 -0.0443512760103 1.31270182133
-1.6569236517 -0.0448128655553 1.32166409492
-1.67171359062 -0.0451977625489 1.3172866106
-1.68941032887 -0.0433124117553 1.30016291142
-1.70554423332 -0.0421690158546 1.27204585075
-1.71735680103 -0.0419268645346 1.2407091856
-1.72327637672 -0.0406699217856 1.2057800293
-1.72315907478 -0.0396844595671 1.16776430607
-1.71860516071 -0.0406606458127 1.12787771225
-1.71703994274 -0.0430373176932 1.08694112301
-1.71700465679 -0.0460211634636 1.04626786709
-1.71713733673 -0.0489712879062 1.00565123558
-1.71834337711 -0.0503020510077 0.969422459602
-1.71912407875 -0.0497912839055 0.93872576952
-1.71952033043 -0.0486833527684 0.915275096893
-1.71909594536 -0.0471276417375 0.903219163418
-1.7197368145 -0.0466339029372 0.90301245451
-1.71805119514 -0.0481856949627 0.911855578423
-1.71843755245 -0.0500565581024 0.925412356853
-1.71998560429 -0.0480471029878 0.936490952969
-1.72305965424 -0.0474396646023 0.945119559765
-1.7255821228 -0.0460183285177 0.952392935753
-1.72583842278 -0.0446123927832 0.957453787327
-1.72716867924 -0.0435841977596 0.961268723011
-1.72773730755 -0.044987205416 0.967032790184
-1.72990679741 -0.0446585416794 0.97349947691
-1.73219335079 -0.044098302722 0.980305671692
-1.73393988609 -0.0431638583541 0.989343285561
-1.7379117012 -0.0422383658588 0.999651968479
-1.74119400978 -0.041573010385 1.01097416878
-1.7427084446 -0.0411139018834 1.02215147018
-1.74398887157 -0.0408249348402 1.03112351894
-1.74417793751 -0.0408313758671 1.03510212898
-1.74289298058 -0.0403939671814 1.03462529182
-1.74217367172 -0.0402581058443 1.03288817406
-1.74136602879 -0.0405608452857 1.03279614449
-1.74099552631 -0.0410995259881 1.0328245163
-1.74118304253 -0.0415501631796 1.03131985664
-1.74120724201 -0.0417779013515 1.0306032896
-1.74020946026 -0.0423000529408 1.03013527393
-1.73819708824 -0.0429485738277 1.02864253521
-1.73711049557 -0.0438230521977 1.02655076981
-1.73692297935 -0.0445314273238 1.02440702915
-1.73699021339 -0.0448193997145 1.02330172062
-1.73739695549 -0.0449406951666 1.02390146255
-1.73785638809 -0.0447392985225 1.02510309219
-1.73770403862 -0.043978292495 1.02543365955
-1.73741579056 -0.0434342995286 1.02541947365
-1.73732209206 -0.0435001626611 1.02569854259
-1.73751485348 -0.0438950024545 1.0255112648
-1.73795258999 -0.0441519394517 1.02536988258
-1.73829174042 -0.0442262813449 1.02593314648
-1.73828792572 -0.0438890978694 1.02668905258
-1.73796772957 -0.0433234497905 1.0268702507
-1.73774778843 -0.0430297404528 1.02705335617
-1.73793506622 -0.0431219153106 1.02718937397
-1.73824667931 -0.0433623753488 1.02705657482
-1.73841762543 -0.0435251034796 1.02722215652
-1.73834848404 -0.0435158237815 1.02776253223
-1.73802351952 -0.043242726475 1.028170228
-1.73792994022 -0.0429071113467 1.02844750881
-1.73806273937 -0.0427342168987 1.02868711948
-1.73820781708 -0.0428118929267 1.02870130539
-1.73836672306 -0.0429352708161 1.02862620354
-1.73833167553 -0.0430127978325 1.02907502651
-1.73832023144 -0.0429359860718 1.02950930595
-1.73822116852 -0.0426235496998 1.02981233597
-1.73815464973 -0.0424146540463 1.03007566929
-1.73821926117 -0.0423540733755 1.03022110462
-1.738245368 -0.0424452014267 1.03022897243
-1.73845767975 -0.0425514541566 1.03041481972
-1.73855423927 -0.0426181219518 1.03069245815
-1.7384095192 -0.0423586368561 1.03088438511
-1.73802435398 -0.0420502349734 1.03124511242
-1.73751044273 -0.0418700426817 1.03151011467
-1.73704898357 -0.0417683273554 1.03149592876
-1.73654770851 -0.0417817495763 1.03160774708
-1.73631298542 -0.0419126674533 1.03189730644
-1.73675751686 -0.0420041196048 1.03208947182
-1.73838806152 -0.0422247052193 1.03182065487
-1.7335960865 -0.0354181677103 1.03896105289
-1.73367631435 -0.0352374501526 1.03914344311
-1.73398029804 -0.0351611711085 1.039083004
-1.7343723774 -0.0353516936302 1.03902435303
-1.73458826542 -0.0357732176781 1.03904080391
-1.73484456539 -0.0360040068626 1.03908073902
-1.73515415192 -0.036076951772 1.03936123848
-1.73564136028 -0.0359378010035 1.03952133656
-1.73581397533 -0.035789411515 1.03912556171
-1.73556756973 -0.0358492918313 1.03901553154
-1.7355799675 -0.0364321880043 1.03922486305
-1.7360265255 -0.0367472916842 1.03906238079
-1.73661851883 -0.036800198257 1.03902423382
-1.73688995838 -0.036849014461 1.03947222233
-1.73676717281 -0.036843765527 1.03943431377
-1.73661279678 -0.0367267727852 1.03927457333
-1.73665595055 -0.0368914529681 1.03928339481
-1.73796629906 -0.0313965119421 1.04614770412
-1.74865984917 -0.0325723066926 1.06410467625
-1.76254868507 -0.0363354161382 1.07662832737
-1.7758500576 -0.0318973511457 1.07275688648
-1.77429902554 -0.0293876510113 1.02389442921
-1.74446213245 -0.0337912961841 0.964303255081
-1.67656242847 -0.0411335863173 0.906378448009
-1.60860955715 -0.0441215410829 0.877996861935
-1.53992140293 -0.0376171059906 0.854322314262
-1.50111579895 -0.0429803133011 0.834996759892
-1.47951972485 -0.0441509261727 0.815229713917
-1.48735499382 -0.0515477322042 0.800786018372
-1.50427246094 -0.0627086088061 0.787659943104
-1.52636826038 -0.0778254941106 0.783300995827
-1.55950856209 -0.0888934358954 0.790899157524
-1.61269772053 -0.0730782449245 0.825251460075
-1.6175750494 -0.0507344976068 0.866990923882
-1.60916769505 -0.0389002002776 0.901837408543
-1.61680364609 -0.0344577357173 0.916265487671
-1.63047993183 -0.037630289793 0.93596559763
-1.65025234222 -0.0173318125308 0.950161099434
-1.68539023399 0.00134912179783 0.967559754848
-1.73491919041 0.0124021964148 0.968834459782
-1.77073264122 0.0155634609982 0.970459103584
-1.79057514668 0.0223689842969 0.929077625275
-1.78292059898 0.0158469453454 0.884816646576
-1.73337638378 0.00876345485449 0.853799641132
-1.68829381466 0.0120635870844 0.839997708797
-1.63525676727 0.0167402103543 0.829662144184
-1.61370921135 0.00611052755266 0.829313695431
-1.60060894489 -0.0136315869167 0.826134443283
-1.61452174187 -0.0286316946149 0.808664858341
-1.63735258579 -0.0518807135522 0.799418509007
-1.67909193039 -0.0713419392705 0.805420041084
-1.71302354336 -0.0729527696967 0.844462692738
-1.70707523823 -0.0637563467026 0.884955585003
-1.67767381668 -0.0650704354048 0.924471259117
-1.65310621262 -0.073916643858 0.942601442337
-1.65155422688 -0.0706020817161 0.962503194809
-1.66727757454 -0.0435413308442 0.986894607544
-1.72760689259 -0.0258716288954 1.01360702515
-1.76045417786 -0.00572568317875 1.02020180225
-1.78432106972 0.0186413601041 0.985609829426
-1.78273117542 0.0240906830877 0.945868968964
-1.73547303677 0.0314123146236 0.901444792747
-1.68071365356 0.0426012687385 0.894859313965
-1.64409577847 0.0502713136375 0.880849003792
-1.62255883217 0.039386022836 0.872307479382
-1.62455308437 0.0142403291538 0.869976580143
-1.63834452629 -0.00750304339454 0.855623781681
-1.66850817204 -0.041049413383 0.843590080738
-1.71914517879 -0.0680401995778 0.852384984493
-1.73643624783 -0.0789338201284 0.899154126644
-1.71100687981 -0.0769961476326 0.939967811108
-1.6875988245 -0.0877187624574 0.960214555264
-1.66939461231 -0.100476525724 0.979401409626
-1.67265760899 -0.0895516127348 0.997486531734
-1.69020926952 -0.0575817674398 1.01708471775
-1.75040411949 -0.030396791175 1.0312731266
-1.77740800381 -1.30832195282e-05 1.03243041039
-1.79142594337 0.0270043946803 0.994633436203
-1.78576517105 0.0351496003568 0.948109269142
-1.73246788979 0.0445620976388 0.912195324898
-1.67518138885 0.0611992962658 0.897693514824
-1.63745582104 0.0729821994901 0.878245651722
-1.6124380827 0.0660076141357 0.866203486919
-1.61231541634 0.0417413599789 0.861886978149
-1.6282902956 0.0211368147284 0.847404360771
-1.6558201313 -0.0103504415601 0.836755335331
-1.69764304161 -0.042104434222 0.852211892605
-1.7207326889 -0.047800950706 0.897020697594
-1.70015132427 -0.051168743521 0.938115060329
-1.67819666862 -0.0644968748093 0.956272184849
-1.67621922493 -0.0799232199788 0.974114358425
-1.68007433414 -0.0786580070853 0.987350702286
-1.70682096481 -0.0524687953293 1.0063803196
-1.75614821911 -0.0326712429523 1.01654291153
-1.78528344631 -0.00900817196816 1.01277565956
-1.79464018345 0.0129732852802 0.968351066113
-1.78395485878 0.0195074826479 0.92171818018
-1.72611904144 0.0274300109595 0.884282827377
-1.66682672501 0.0356983654201 0.881102621555
-1.61567521095 0.0424041561782 0.870279550552
-1.5925194025 0.0317422412336 0.859524846077
-1.58268761635 0.00948339048773 0.859777510166
-1.60120844841 -0.00968432705849 0.855499088764
-1.62487411499 -0.0346843414009 0.852897465229
-1.66766166687 -0.0682752281427 0.844083368778
-1.71961951256 -0.0896130502224 0.876933395863
-1.7312887907 -0.0852844342589 0.924612402916
-1.70435738564 -0.0869254991412 0.961003065109
-1.68260216713 -0.0931743606925 0.97081720829
-1.68601167202 -0.100761689246 0.991872727871
-1.68878233433 -0.083292350173 1.00694954395
-1.72045266628 -0.0576485171914 1.02156972885
-1.75203537941 -0.0347172021866 1.02876031399
-1.76789855957 -0.0067500686273 1.00755524635
-1.76826643944 0.00575027056038 0.962010860443
-1.71881461143 0.00879924930632 0.917448103428
-1.66292536259 0.0230489522219 0.905751049519
-1.60283458233 0.0315355472267 0.889621973038
-1.57763075829 0.0286086183041 0.877808213234
-1.56846427917 0.00883030425757 0.871786296368
-1.58586788177 -0.0143046788871 0.862034201622
-1.61669290066 -0.0461114421487 0.854263246059
-1.67016386986 -0.0754865035415 0.866066992283
-1.70501196384 -0.0836333110929 0.910802662373
-1.68869459629 -0.0899533629417 0.953422725201
-1.67088282108 -0.107914686203 0.975377857685
-1.6692609787 -0.121595799923 0.991633951664
-1.68375635147 -0.116263203323 1.00906383991
-1.71052694321 -0.0869016572833 1.02583420277
-1.76128900051 -0.0596174821258 1.03262484074
-1.77980494499 -0.030798714608 1.02896440029
-1.78718721867 0.000142365694046 0.986176908016
-1.77889335155 0.00659691123292 0.944775044918
-1.71586930752 0.0144804706797 0.901610732079
-1.65690648556 0.0288834199309 0.891399979591
-1.62010407448 0.0399166531861 0.877226769924
-1.60115861893 0.0326794423163 0.860473632812
-1.59707546234 0.00997556932271 0.85187214613
-1.61030077934 -0.0130420448259 0.838205993176
-1.63685464859 -0.0458571687341 0.827636301517
-1.68348813057 -0.074469178915 0.846364200115
-1.71166527271 -0.0813341140747 0.887619495392
-1.6958309412 -0.0853653177619 0.929859638214
-1.67797482014 -0.0951195582747 0.951142013073
-1.67441260815 -0.107709378004 0.971611261368
-1.67710053921 -0.0990004763007 0.989439368248
-1.70090639591 -0.068892814219 1.0038163662
-1.75262069702 -0.0470959581435 1.02320587635
-1.77566039562 -0.0219024345279 1.02820253372
-1.7834059 0.00474743824452 0.995927453041
-1.77817606926 0.0120723200962 0.951200008392
-1.71595549583 0.0198199320585 0.912609875202
-1.65417873859 0.0348299220204 0.901530206203
-1.60418009758 0.0472250245512 0.885946452618
-1.57878565788 0.0390120148659 0.878279328346
-1.57555913925 0.0118333781138 0.87771064043
-1.58892953396 -0.00935180671513 0.863516807556
-1.61556339264 -0.0379250347614 0.853597640991
-1.65383398533 -0.0713730975986 0.850726127625
-1.6743490696 -0.0821741223335 0.885789215565
-1.65418636799 -0.0820686593652 0.91905850172
-1.63974690437 -0.0889116600156 0.935864210129
-1.63268518448 -0.0977501571178 0.952249705791
-1.64278948307 -0.0889122262597 0.968752503395
-1.66938996315 -0.0637645274401 0.985984802246
-1.72299861908 -0.0387548655272 0.989494204521
-1.75405228138 -0.0125649301335 0.983974277973
-1.76038992405 0.0135100120679 0.949625194073
-1.74636590481 0.0162772573531 0.898099601269
-1.68906784058 0.0212994832546 0.85648983717
-1.63710045815 0.0320916436613 0.851106822491
-1.59566652775 0.0394971817732 0.833051145077
-1.58200871944 0.0331915169954 0.817529439926
-1.58412158489 0.00989876501262 0.813857972622
-1.60115778446 -0.00351188308559 0.805487275124
-1.62753343582 -0.0243101511151 0.806755185127
-1.67568790913 -0.0411616265774 0.82415997982
-1.71539902687 -0.0416812561452 0.871574342251
-1.68009459972 -0.0330991968513 0.919769048691
-1.64332449436 -0.0427463576198 0.935729324818
-1.61779510975 -0.0583794265985 0.945724368095
-1.61766183376 -0.0620207749307 0.947552442551
-1.62115859985 -0.0493611246347 0.937440276146
-1.65443348885 -0.0455721393228 0.941183745861
-1.6846113205 -0.0397225171328 0.944282114506
-1.7112467289 -0.0289314519614 0.920042812824
-1.73869109154 -0.0247405972332 0.868049621582
-1.72186565399 -0.0355178564787 0.817258000374
-1.67876338959 -0.0449388176203 0.776521325111
-1.63970649242 -0.039870750159 0.762088298798
-1.62149763107 -0.0371103808284 0.750136017799
-1.62402045727 -0.0547795332968 0.751056551933
-1.65180134773 -0.063931375742 0.770303368568
-1.69472920895 -0.0688104555011 0.778578460217
-1.73755145073 -0.068552352488 0.792857706547
-1.7586427927 -0.0683019906282 0.832209289074
-1.77498328686 -0.0636507496238 0.896235942841
-1.76816058159 -0.0651865825057 0.963328659534
-1.75340425968 -0.0717066675425 1.0100774765
-1.73534834385 -0.0777975767851 1.05050802231
-1.75368964672 -0.0667742714286 1.0955799818
-1.78566086292 -0.0486522018909 1.11915504932
-1.79905438423 -0.0324751585722 1.13210916519
-1.80791294575 -0.0318663418293 1.12248837948
-1.83338928223 -0.0408588461578 1.08708107471
-1.86792826653 -0.0525675192475 1.05584824085
-1.8944157362 -0.0553217157722 1.04524254799
-1.92226481438 -0.0548397377133 1.03870761395
-1.94540059566 -0.0541392043233 1.03384828568
-1.95782458782 -0.0510564818978 1.03902494907
-1.97402513027 -0.0504687353969 1.05291390419
-1.99405121803 -0.0486110560596 1.06082773209
-2.0111682415 -0.0374908931553 1.07376730442
-2.02922582626 -0.00849495641887 1.10895347595
-2.04372859001 0.0233196597546 1.16113305092
-2.04881072044 0.0395449325442 1.1984385252
-2.04846453667 0.0546278208494 1.22426390648
-2.05199551582 0.0666492655873 1.25062799454
-2.05105495453 0.0708559751511 1.2664744854
-2.06367182732 0.07460488379 1.27036225796
-2.07148098946 0.0831988304853 1.28238070011
-2.0800909996 0.0741279199719 1.27534556389
-2.09579157829 0.0553716793656 1.23452556133
-2.10220360756 0.0342748500407 1.18908023834
-2.09831571579 0.0207698382437 1.1619771719
-2.09599876404 0.0154910916463 1.13810610771
-2.08770632744 0.00654770620167 1.12015938759
-2.0668182373 0.00272587267682 1.10383796692
-2.05376982689 -0.00886085350066 1.10316598415
-2.04256653786 -0.0229629185051 1.10457468033
-2.03425574303 -0.0334946252406 1.10921657085
-2.03014039993 -0.0355947986245 1.11893594265
-2.02896738052 -0.027329120785 1.16064727306
-2.02344274521 -0.0235081799328 1.20389795303
-2.01947951317 -0.0290122199804 1.23787665367
